50
10 10 10 9 10 10 10 9 10 10 10 10 9 10 10 9 10 10 10 10 9 9 9 8 9 10 10 10 9 10 9 9 10 9 10 10 10 9 10 9 9 9 10 10 10 10 9 9 10 8
2 3 4 5 6 7 8 9 23 28
2 11 14 15 17 18 19 20 28 35
1 22 23 24 26 27 28 29 41 50
3 27 31 32 33 34 35 36 40
17 29 33 41 43 44 45 46 47 50
1 2 3 7 8 9 10 18 26 35
7 12 14 16 17 18 19 20 24 49
14 21 22 24 25 26 28 29 40
4 22 30 31 32 33 35 37 38 39
14 25 39 41 44 45 46 48 49 50
1 3 5 6 7 8 10 28 31 35
8 10 11 13 14 15 16 17 18 28
15 21 23 24 25 26 27 29 36
27 31 34 36 37 38 39 40 43 47
19 25 30 42 43 44 45 48 49 50
1 2 3 4 5 7 8 11 45
9 11 12 15 16 17 19 20 26 43
15 22 23 24 25 26 27 29 31 42
10 20 32 33 34 35 38 39 40 43
11 19 35 42 43 45 46 48 49 50
2 3 5 6 7 9 10 17 19
5 11 12 13 14 17 19 20 24
21 22 24 26 27 28 30 33 34
25 32 33 34 35 37 38 39
20 32 42 44 45 46 47 48 49
1 2 4 6 7 9 10 18 34 46
4 11 12 14 15 18 19 20 30 42
7 20 21 22 23 25 26 29 30 42
6 31 32 35 36 37 39 40 48
25 35 40 42 43 45 46 48 49 50
1 2 4 5 6 8 9 10 28
11 12 14 16 17 18 20 36 38
21 23 25 26 27 28 29 32 37 46
10 31 33 34 35 36 37 39 40
22 31 39 41 43 44 45 46 47 49
1 2 3 4 6 7 8 18 27 31
4 12 13 15 16 17 18 19 21 22
7 17 22 23 24 25 26 27 30
1 33 34 35 37 38 39 40 43 50
25 27 41 42 43 44 45 46 47
1 3 4 5 7 9 10 39 45
9 12 13 15 16 17 18 20 22
1 21 23 24 25 26 28 29 30 48
19 31 33 34 37 38 39 40 44 45
3 5 31 43 44 45 47 48 49 50
1 2 3 4 5 6 7 10 24 34
11 12 13 14 16 18 19 26 33
1 21 22 23 24 25 27 28 39
14 31 32 34 36 37 38 39 40 42
20 41 42 43 47 48 49 50
-7 10 7 5 -6 -3 7 4 -5 10 -8 2 7 1 8 10 0 -8 7 1 -3 2 7 -2 1 -1 -1 5 -6 -5 0 -9 -9 5 -9 2 5 4 9 -8 -10 10 -1 -8 -7 1 -4 2 -2 6
6 -9 -3 8 2 8 8 5 0 -8 -4 -4 4 -1 -4 7 -4 -1 5 10 -3 -5 8 8 -6 -7 7 6 -9 -6 6 -2 3 6 3 -5 -7 -5 -6 -1 -2 7 -1 -3 2 4 4 -2 -2
0 -1 10 7 3 -7 0 -2 1 1 -2 -8 -7 4 -10 2 -2 -6 -8 10 7 8 -8 -3 -6 2 2 -8 0 -9 4 8 8 4 0 -9 7 0 -2 -10 4 3 10 -4 -6 10 -3 -10
0 -3 -5 4 -2 1 9 10 1 -2 4 -4 -1 -9 -2 3 -10 -5 -3 -10 -7 -10 1 -5 -8 -2 4 0 -6 -9 0 -3 -6 -5 1 -1 -7 -1 -10 -2 8 -6 -8 -2 -1 -3 -9
7 -5 -10 -1 -9 10 -8 7 -7 8 6 9 0 -9 5 3 -7 8 2 -5 -6 10 -8 5 -2 -2 9 -7 -6 2 -3 -5 2 2 -5 -5 -4 0 -1 -2 -7 4 -10 8 -8 3
3 -3 9 6 0 -10 1 -4 -10 3 -1 -4 2 -7 -5 -7 10 6 5 4 1 4 -5 -2 -7 8 -5 7 -5 8 2 10 5 1 3 7 -2 -9 10 3 0 -1 8 2 1
0 5 -6 9 10 -9 -2 3 -2 5 4 -10 -6 -10 -1 -4 -7 -4 3 -9 -9 -10 -6 3 2 8 -10 -9 6 1 0 -8 3 -9 10 -6 -6 -2 -3 2 5 0 7 6
-6 -3 -6 -8 2 10 9 -5 -10 -6 2 -9 6 3 0 -5 2 6 -8 -4 -5 -5 -2 3 5 8 0 9 9 -10 -7 10 0 -7 -6 -1 -3 5 -2 4 -4 6 -9
-7 2 -2 -7 0 -2 -5 -4 7 6 -10 3 2 -8 10 -7 0 7 -5 -4 9 10 6 -3 -3 7 -3 1 0 -5 -1 -7 -3 10 3 -5 -5 10 -4 5 2 -10
-2 -9 10 5 -5 0 0 5 -8 -9 -6 8 6 2 -3 -4 -7 6 -8 5 -2 -6 -4 2 9 -4 4 1 4 1 -5 2 -3 8 -2 7 -10 -9 4 2 -2
8 -9 -4 0 6 1 8 -3 -2 -10 -4 -3 1 4 -6 -5 -4 1 -3 4 -10 -4 8 5 0 2 -1 -6 -10 -7 -8 -8 4 -7 2 7 2 -5 -10 5
9 8 6 -9 7 0 -9 -3 10 3 -1 0 -9 -10 4 4 1 0 -9 -10 -10 8 9 -5 8 -8 -1 1 9 -4 8 -7 10 -6 8 10 -1 3 4
-3 -3 -3 -4 2 9 5 -10 4 6 6 -8 -1 -10 -8 3 -2 7 -1 -3 1 -7 2 0 6 -3 3 7 0 -5 -9 7 -8 -5 -4 9 4 -7
-9 -4 5 2 -10 1 5 7 -4 2 9 -9 7 -8 3 1 7 2 -5 -4 -1 -10 -4 9 -7 -8 10 -6 7 -1 0 -3 0 -4 -10 8 3
0 -4 -9 -6 1 -3 -9 -1 -1 6 4 0 10 8 9 10 -8 -7 -7 10 0 10 7 -9 -4 7 -6 -5 -10 1 3 -3 -9 -9 10 -9
-7 9 5 8 -6 -5 -9 -2 -7 10 8 -4 4 -7 9 0 9 9 0 0 -9 -1 -1 9 6 1 -10 -10 -1 2 -4 -2 5 2 -5
3 -2 4 -10 -6 2 9 2 4 10 4 7 8 -8 -1 -8 -8 -3 5 5 -7 -8 9 -9 10 -7 10 5 -9 3 -9 10 4 -10
-8 6 -9 -5 5 0 -3 -7 -2 0 9 -5 -10 3 9 -4 0 -5 -8 -6 -4 -7 2 -4 6 -6 -9 2 -1 -5 7 -9 2
3 9 10 10 3 0 6 6 0 -1 -8 9 -8 -9 3 -6 0 -6 -8 9 -3 9 6 -6 -1 -7 1 10 -8 -8 -2 -1
-10 10 -9 5 -3 6 1 8 6 -1 3 5 -9 -10 -9 2 -3 6 -7 -9 -5 -1 -4 -8 -10 9 -9 -6 -7 1 8
-2 -2 -2 -2 10 2 0 4 -10 -10 2 -8 5 1 -8 1 -1 1 1 7 6 2 10 -10 -10 1 -8 2 9 3
-10 8 3 -10 3 10 -3 0 -2 -8 9 7 4 -10 10 -7 -2 4 9 1 4 8 -2 -8 -6 0 6 -10 9
6 4 0 0 8 -7 2 1 -3 2 6 -10 5 10 -1 4 -1 -8 10 -7 7 -2 9 -5 4 5 5 6
1 9 9 -1 4 6 -7 -9 6 -2 10 -7 -6 -10 -8 -4 3 5 -5 -10 -10 0 -4 -9 -2 8 1
7 -4 -1 6 -9 -5 5 0 -10 -6 -5 -6 4 -2 -2 5 0 -6 10 -2 5 5 8 -10 7 4
6 -5 -5 10 -7 5 7 7 -1 8 3 -4 3 1 -9 4 -5 7 4 -3 3 -2 -10 -6 -10
-5 3 -10 -10 -7 10 8 1 9 -1 -10 6 3 -7 -8 -7 -4 -2 -5 9 5 8 -3 -10
-9 -9 -5 -6 1 2 6 -6 6 9 -4 -4 -9 6 -5 8 9 1 3 3 -7 -7 10
3 3 10 -9 3 5 -4 0 9 -4 -8 6 -4 0 1 -1 -6 -6 5 6 4 9
-2 4 5 7 -1 -5 7 3 -8 7 3 -9 0 3 4 4 -6 3 6 5 -3
-3 -4 9 1 -1 -1 -4 -2 -4 7 7 10 -7 5 4 -1 6 -6 -2 -6
-1 -5 -2 7 -4 8 4 -6 7 3 -1 -5 -1 5 -4 0 -10 5 3
-7 -7 -3 7 3 0 -8 3 10 -5 -4 9 5 2 1 7 7 9
-8 5 -10 3 1 1 6 -6 6 -8 -6 -9 10 10 -5 -5 7
0 -5 -3 7 6 -3 5 2 7 -6 -8 6 -7 -7 -5 10
-3 -6 -7 1 -7 -2 -5 -2 -4 8 2 3 -4 -4 -8
-1 -5 -5 0 8 -7 -5 5 10 1 3 7 1 -1
-4 -3 -7 2 1 4 -2 4 -2 5 2 -1 -2
8 1 10 -3 9 4 -1 -7 -7 -7 3 10
8 3 10 10 -10 -6 -10 -5 -6 -6 5
1 8 -9 -9 2 5 0 -8 9 8
-8 -9 8 -5 -3 -2 10 5 -7
7 6 6 10 -1 -10 -10 -2
9 8 0 -2 1 4 -3
-1 4 4 6 -3 8
-9 6 -9 6 4
-3 0 -3 -8
5 3 -10
6 5
10