25
25 11 19 12 20 14 17 12 6 9 14 21 14 16 23 20 22 24 25 18 24 5 25 7 20
1 2 3 4 5 6 7 8 9 10 11 12 13 14 15 16 17 18 19 20 21 22 23 24 25
6 14 16 17 18 19 20 21 22 23 25
1 2 3 6 7 8 9 10 13 15 17 18 19 20 21 22 23 24 25
7 9 10 11 12 13 15 17 18 21 22 23
1 2 3 4 5 6 7 8 10 11 12 13 14 16 17 20 21 22 24 25
1 3 5 6 7 8 11 14 16 18 19 20 23 24
2 4 5 6 7 8 11 12 13 14 16 17 19 21 22 23 24
3 4 7 8 11 12 14 15 17 20 22 24
8 11 13 14 23 24
3 4 8 9 11 12 13 15 22
1 3 5 6 7 10 12 13 14 17 19 21 22 23
1 2 3 5 6 7 9 10 11 12 13 14 16 17 18 19 20 21 22 24 25
1 2 3 4 6 7 9 13 18 20 21 22 23 24
1 4 6 8 9 10 11 13 16 18 19 20 21 22 23 24
1 2 4 5 6 7 8 9 10 11 13 14 15 16 17 18 19 20 21 22 23 24 25
2 3 4 5 7 9 10 11 12 13 14 15 16 17 19 20 21 23 24 25
1 2 3 4 5 6 7 8 9 10 11 14 15 16 17 18 19 20 21 22 23 25
1 2 3 4 5 6 7 8 9 11 12 13 14 15 16 17 18 19 20 21 22 23 24 25
1 2 3 4 5 6 7 8 9 10 11 12 13 14 15 16 17 18 19 20 21 22 23 24 25
2 3 4 5 6 7 9 10 11 12 13 16 18 20 22 23 24 25
1 2 3 4 5 6 7 8 9 10 11 12 13 14 15 16 17 19 20 21 22 23 24 25
6 7 9 10 24
1 2 3 4 5 6 7 8 9 10 11 12 13 14 15 16 17 18 19 20 21 22 23 24 25
2 6 14 15 16 18 24
2 4 7 8 9 10 11 12 13 14 15 16 17 18 19 20 22 23 24 25
0 -4 -8 -3 -3 -10 -7 1 -5 5 -10 -10 4 -9 -1 5 -7 -8 0 5 6 -5 -2 2 -7
7 -10 8 8 6 0 -10 -4 -7 -1 3 8 2 9 5 -10 -1 0 -9 4 5 10 9 -7
-1 -5 9 9 7 -3 -10 -4 2 4 9 -6 -3 -9 2 8 1 4 4 -7 -1 -9 -5
-4 -6 7 -2 0 0 8 2 -6 5 0 10 3 -5 -2 3 9 2 8 -8 9 -10
6 3 -4 -6 9 -8 -5 10 2 -5 3 -9 9 6 3 -8 -9 -2 4 1 -1
7 9 3 -6 8 5 10 -9 -4 7 10 7 2 -2 10 4 10 7 10 -5
2 6 8 2 -7 -1 -4 -1 -2 3 5 4 10 9 9 -10 6 -8 -3
1 1 -10 7 -4 -3 -4 -2 -7 8 -9 -6 1 -7 6 -1 7 10
9 1 -9 -4 10 -9 -3 -6 9 8 -3 2 -2 5 8 9 -3
2 4 1 -4 10 0 -8 -1 -1 2 -4 -3 8 -3 8 3
6 -8 -10 -6 -10 -3 -7 4 -6 10 6 3 3 -9 -8
2 4 -1 -8 6 -6 -3 -1 -2 -9 1 -7 -1 4
0 -9 -7 -1 -9 7 3 -4 2 9 10 10 4
4 -3 4 10 -9 7 4 5 -5 8 6 -9
9 3 9 -2 5 -4 -9 7 -1 8 3
-8 6 -4 -2 -8 10 5 10 0 -5
8 5 1 1 5 2 -1 9 2
8 7 -4 -8 -3 -4 1 10
-1 8 10 7 8 -8 1
-1 9 -1 -3 3 -10
2 -8 1 6 10
-6 2 7 10
1 -10 -5
-10 -7
3