25
9 11 9 9 9 9 9 9 11 10 11 10 11 9 11 10 11 11 10 9 10 9 11 10 10
1 2 5 7 8 9 11 12 18
5 7 14 16 18 19 20 21 22 23 25
1 2 3 5 6 7 10 11 12
11 13 14 15 17 18 22 23 24
1 3 4 5 6 7 9 10 12
15 16 17 18 19 20 21 22 24
2 3 4 5 6 9 11 12 21
3 14 15 16 18 19 21 22 24
2 3 4 6 7 8 9 10 11 12 21
13 14 15 17 19 20 21 22 24 25
2 3 4 5 6 8 9 10 12 18 25
11 13 16 18 19 20 21 22 23 24
2 5 6 8 9 10 11 12 15 16 22
2 15 16 17 18 20 21 22 23
1 2 5 6 7 9 10 12 14 18 20
4 8 13 14 15 16 18 20 21 23
1 2 3 4 5 8 10 11 12 18 25
4 5 10 13 16 17 20 21 22 23 24
1 2 3 4 6 7 8 9 10 19
1 13 15 16 20 21 22 23 24
1 2 3 5 6 9 10 12 13 19
13 14 16 17 18 19 20 22 23
1 2 3 4 5 7 10 11 13 15 18
1 9 14 15 16 18 20 21 23 24
2 3 5 6 7 9 10 11 12 22
-6 -2 4 -4 6 1 -5 -8 10 6 7 2 7 2 -1 -1 10 -10 -2 6 0 10 -2 -9 3
5 -7 -2 -6 -5 5 -6 -5 10 -1 -10 -8 -8 6 7 -10 10 9 -10 8 -3 -4 -4 -4
0 6 6 -9 6 1 -10 -5 -8 -7 3 -7 2 -6 -10 -6 -7 -5 4 -6 6 -6 9
-5 3 -7 8 9 4 -9 -5 8 0 0 6 1 -8 -5 -5 0 8 -3 6 2 7
-1 -1 -9 -4 2 -6 7 -8 -1 10 -2 9 7 8 -9 6 2 4 -2 7 -5
-4 -4 3 -10 -9 10 -1 7 -2 4 -10 0 -2 1 6 0 9 -1 6 10
7 -3 6 7 -1 -8 6 -5 -4 -7 -2 -3 -9 -5 4 2 3 -2 -10
6 5 -6 10 7 2 -7 4 6 7 -4 2 -5 -7 10 -10 3 5
-10 -8 2 10 -6 4 -1 -7 2 -2 1 6 10 -4 4 5 -3
-3 6 7 -2 7 10 2 7 -3 8 -8 4 5 -7 -3 5
-2 0 -4 0 -4 4 5 9 -3 -10 -2 8 -5 1 -2
6 2 -4 -1 4 2 4 1 5 9 2 8 7 3
4 -7 10 -10 10 -10 -7 -5 8 -2 -10 -10 -7
4 9 -5 -2 10 -2 2 7 1 1 4 -2
3 3 -4 -2 4 -2 0 -6 4 5 -7
-7 5 4 -3 -3 0 8 -9 -10 -3
-2 6 7 1 3 4 10 4 -1
10 8 10 10 -9 3 -10 8
-3 -2 0 2 -5 5 4
5 -9 4 -10 -4 8
-6 3 7 4 6
9 3 -7 -1
-4 -4 6
-6 9
8