100
10 10 9 10 10 10 10 10 9 10 10 10 10 10 10 10 10 10 10 9 10 10 9 10 10 10 10 10 10 10 10 10 10 10 10 9 10 10 10 10 10 10 9 9 10 10 10 10 10 10 10 9 10 9 10 10 10 10 10 10 10 10 9 10 10 10 10 10 10 10 10 10 9 10 9 10 10 10 10 10 10 10 10 10 10 10 9 10 10 10 9 10 10 10 10 10 9 10 10 10
3 5 6 7 8 9 10 15 21 69
7 12 13 14 16 17 19 20 22 41
5 22 23 24 26 27 28 30 77
30 31 33 34 36 37 39 40 81 99
41 43 45 46 47 48 49 69 80 100
43 51 52 55 57 58 59 60 92 98
3 62 65 66 67 68 69 70 76 91
18 36 71 73 76 77 78 79 80 90
15 35 81 82 85 86 87 88 89
13 15 29 91 92 95 96 98 99 100
2 3 4 5 7 9 10 32 88 93
4 12 15 16 17 18 19 20 25 48
3 21 23 24 25 27 28 30 31 45
12 31 34 35 36 37 39 40 70 79
1 13 42 43 44 45 46 48 50 81
40 51 52 53 54 56 57 58 94 96
62 63 64 65 67 68 69 72 86 98
5 9 53 71 72 73 76 77 79 80
5 48 63 82 83 84 86 87 88 90
13 16 92 93 95 96 97 98 100
1 2 3 5 6 9 10 61 88 97
12 14 15 16 18 19 20 41 51 99
16 18 21 23 25 26 27 28 30
9 31 32 33 35 36 38 39 40 67
41 43 44 45 46 47 49 50 73 77
11 35 52 53 54 55 57 58 59 60
9 42 61 63 64 65 67 68 69 90
21 51 55 71 73 74 75 76 77 79
1 33 47 83 84 85 87 88 89 90
21 30 78 91 92 93 97 98 99 100
1 3 4 5 6 8 10 14 20 49
11 12 13 15 17 19 20 26 34 68
21 22 23 24 26 29 30 61 79 94
15 16 31 32 33 35 36 37 40 90
2 32 43 44 45 46 48 49 50 69
53 55 56 57 58 59 60 61 84
39 40 61 62 63 65 66 69 70 85
53 58 71 72 73 74 75 76 77 79
2 53 67 81 83 84 85 87 89 90
21 41 88 91 92 96 97 98 99 100
1 3 4 6 7 8 9 10 64 76
12 14 15 16 18 19 20 45 53 69
21 22 23 25 27 28 30 38 55
20 32 33 34 35 37 39 40 56
9 11 29 41 42 44 45 48 49 50
11 51 53 54 56 57 58 59 60 75
18 24 61 62 63 64 65 68 69 83
22 40 73 74 75 76 77 79 80 89
13 25 64 81 83 84 85 87 88 89
40 43 70 93 94 95 97 98 99 100
3 4 5 6 7 9 10 33 52 59
12 13 14 15 16 18 20 24 80
3 21 25 26 27 28 29 30 41 87
31 32 33 35 36 38 39 40 47
41 43 44 47 48 49 50 69 73 87
45 51 52 54 55 56 57 58 60 81
22 30 47 61 62 63 64 65 66 67
11 14 20 71 72 73 74 75 76 78
41 63 83 84 85 86 87 88 90 98
22 35 41 91 93 94 95 97 98 99
1 2 3 6 7 8 9 11 44 98
11 13 14 16 17 19 20 79 80 90
21 23 24 25 28 29 30 78 79
16 31 32 34 35 36 37 39 81 98
15 41 42 44 46 47 49 50 77 90
52 53 54 56 57 59 60 79 80 82
37 39 61 62 63 65 66 69 70 88
3 12 30 73 75 76 77 78 79 80
17 29 32 82 83 84 86 87 89 90
9 51 65 92 95 96 97 98 99 100
1 3 4 5 7 8 10 15 27 98
11 12 13 15 16 17 18 19 53 55
22 23 24 25 27 29 30 50 96
6 27 31 32 33 34 35 36 40 94
42 43 44 45 46 47 48 69 93
15 39 46 51 52 54 56 57 59 60
13 61 62 63 64 65 66 69 88 100
3 20 69 71 74 75 77 78 79 80
21 39 71 81 82 84 85 86 89 90
7 72 86 92 93 94 95 96 97 99
1 2 3 5 6 8 9 12 47 72
11 12 13 14 15 18 20 68 86 100
7 14 21 24 25 27 28 29 30 65
11 33 34 35 36 37 38 39 47 79
21 41 42 45 46 48 49 50 54 86
11 17 51 52 53 54 55 56 58 60
28 61 62 64 65 67 69 70 98
46 56 60 71 72 73 74 77 78 80
2 53 55 82 83 86 87 88 89 90
29 66 71 91 92 93 96 97 98 100
1 2 3 4 6 7 9 27 80
11 12 13 16 17 18 19 25 35 73
21 23 24 25 27 28 30 69 96 99
31 32 33 35 36 37 39 71 79 81
12 42 43 44 45 46 48 49 71 78
20 37 51 53 55 57 58 59 60 92
38 47 61 64 65 66 68 69 70
50 56 71 72 74 75 76 77 80 97
40 59 71 81 84 85 86 87 88 89
14 29 40 91 93 94 95 97 98 99
-7 -3 6 -10 -1 7 3 -2 1 8 9 -1 3 10 -5 1 -8 0 4 -6 -3 -4 6 -7 -2 6 6 -1 9 -8 -10 4 -7 2 10 -6 10 -2 0 7 9 -6 -2 8 6 8 -6 -10 9 4 -1 7 8 -10 5 6 3 -4 0 -8 5 -9 8 -4 8 -1 7 -1 -4 2 9 -5 -7 -9 7 -9 4 -3 10 7 1 -3 1 -9 1 7 2 -3 5 1 5 -9 6 -10 7 5 9 0 -8 -9
-7 -3 1 -7 -9 -2 3 3 -2 -2 -6 7 2 4 -1 -7 0 -9 0 -5 7 6 -4 9 0 8 2 -9 -7 0 -1 -2 8 8 -5 5 8 -2 6 3 1 -4 -3 -1 7 2 9 -9 -9 -2 1 -2 6 2 -10 -3 3 8 10 0 2 -6 9 1 -5 5 -3 3 0 4 6 5 -10 -2 5 -2 -6 5 9 -4 7 6 6 -3 3 8 1 -2 -6 -8 -6 10 -2 6 8 -7 0 -8 7
5 2 -4 10 -3 5 5 -9 -4 1 -10 -5 2 6 -3 9 -3 -10 10 -7 -3 5 -9 3 -1 -1 -4 9 -2 7 -8 -6 -7 4 2 -5 -8 0 3 1 -9 -8 -3 3 10 2 -2 2 -4 10 -2 2 5 -10 -1 10 -4 5 7 9 -3 6 -8 6 -1 3 -2 -2 -10 0 8 2 -7 7 -5 -5 -4 -1 -9 9 7 4 -9 0 -6 -5 -5 -1 5 -7 9 2 4 5 -1 -8 -7 -1
10 3 -3 -4 10 -4 -10 -3 0 -5 10 3 7 4 6 5 -8 10 -5 -9 -6 -3 1 3 4 -9 7 8 -7 3 0 4 -5 -4 -2 9 4 3 -1 10 -8 0 7 -10 -5 2 -8 4 -2 6 4 -1 9 1 -2 -8 -2 -1 -8 0 4 10 4 6 2 -2 9 9 4 8 9 0 -2 -9 7 6 5 2 4 3 -10 -9 9 -2 1 2 -7 1 -1 -3 -8 8 4 5 -7 -2 4
-7 -6 2 -7 8 1 0 0 1 0 -10 -9 -5 -1 -4 -3 4 6 7 0 5 -2 -4 3 -10 8 8 9 -3 -2 -8 -8 9 0 6 10 -5 5 10 -3 3 -3 -3 -10 3 0 0 5 -7 -5 -4 5 -4 8 -6 -10 -9 5 -9 -9 -3 -6 -7 10 -7 6 -4 10 -10 1 7 2 -1 6 -5 -10 3 4 -1 -5 6 -10 1 -3 -4 -2 -3 8 -9 6 6 -7 -8 1 -8 8
-3 -6 9 10 7 -8 -9 -10 5 -4 0 -8 5 10 -7 -7 10 8 8 -5 6 -10 -7 4 4 0 -6 -3 2 3 6 -10 5 4 -1 1 6 -6 2 2 -7 4 -9 1 6 3 8 -5 -6 10 5 5 -8 -5 -2 2 2 -7 3 -6 0 5 -3 -8 -4 5 8 -7 -9 2 -5 -8 1 1 -2 -6 8 6 3 -8 3 -7 -2 -1 0 -9 -10 9 -1 -9 -9 -1 -3 1 2
3 -4 1 -10 -10 7 3 4 3 9 -7 -4 -5 5 1 -1 -8 4 -10 6 9 -9 3 -5 -2 0 -7 7 -9 9 -6 -2 -5 9 4 0 2 2 8 7 3 7 -1 -6 -10 -8 -5 2 4 7 -7 1 -2 -1 10 -1 10 -9 -3 9 6 -2 5 0 5 -2 -7 -9 10 -3 7 6 2 10 7 -4 3 -5 -5 8 -1 -1 5 -3 9 2 7 3 8 -3 -3 -5 0 -10
0 -10 -1 6 9 -2 9 0 5 8 -1 -4 2 -7 10 10 -2 4 1 3 -4 -8 10 2 10 2 2 10 0 -2 8 0 2 9 -6 8 -5 -6 2 10 -2 2 9 -10 -2 4 7 1 5 -3 -6 7 6 4 10 2 -4 0 -1 0 -8 5 10 -6 -8 -5 4 -7 -5 -4 -10 -4 -8 -4 5 3 9 2 -7 8 -1 4 0 4 -2 5 -8 3 9 -1 -4 -1 10
0 -3 7 -6 2 -7 0 -5 -6 -1 -5 4 -6 -9 3 -7 -2 3 3 3 -7 8 8 8 -5 1 -5 -1 3 -1 -8 6 3 4 -3 -10 -8 -3 6 0 -9 10 -1 -7 -1 3 -9 0 0 -9 8 10 1 1 -8 -4 -6 -9 6 3 8 -5 -10 0 -6 10 -3 -5 -10 9 -2 -2 -3 -8 -4 2 3 -7 8 5 3 -10 -9 4 4 4 -3 -6 -8 -7 -5 -4
-6 -1 -3 -5 -1 -5 -3 -10 5 1 10 4 -4 8 -8 -3 0 -3 1 5 5 5 -4 -6 -2 5 -10 -1 4 -1 -4 7 -8 1 -2 3 -6 2 8 -4 -6 -4 -4 -9 4 10 -8 0 -8 -10 6 0 -9 -2 -2 -3 1 -1 8 8 -2 -2 -8 1 9 7 6 3 -9 6 -8 10 8 -8 -10 -7 -5 0 0 0 8 -2 -6 -10 -8 8 -1 -3 4 2 0
7 0 5 5 -3 7 -8 4 -5 -8 -3 5 -5 -1 -3 5 -9 -10 -10 -6 1 -6 -6 6 3 4 1 6 0 8 -8 -3 9 4 4 10 1 0 5 -10 -5 8 7 1 2 5 5 -10 10 9 0 -7 -7 -2 -4 -8 4 -10 9 -10 10 -8 -8 -5 3 -10 3 6 0 -7 -1 -4 6 -3 -2 -1 4 5 6 -7 -7 -3 6 -2 3 0 -9 -6 -1 1
0 1 2 8 2 -2 6 6 0 3 -6 -9 -5 -5 0 2 -5 -5 -1 0 -5 8 0 4 9 -5 0 -3 -6 -7 6 2 -3 0 6 2 1 9 -3 -10 5 -1 6 -3 -6 -10 -3 -7 2 -1 0 7 7 2 -5 7 -5 5 -1 -6 -2 2 10 -5 8 -4 4 1 9 6 3 6 0 8 8 1 10 -10 7 7 9 6 -2 -5 -5 -8 -6 -7 7
-8 -3 -7 -4 5 -7 8 -4 6 7 7 -7 -2 0 -7 10 -9 1 -3 -10 7 -3 3 7 -3 1 9 -8 4 -2 8 5 -1 6 -2 -5 6 0 8 0 7 7 -3 1 -3 3 -1 -2 -8 -7 3 -8 -1 1 3 -3 -10 6 3 3 7 -8 0 -2 -2 7 5 1 9 -9 -9 -8 1 8 -5 10 8 -9 -6 -10 -5 -8 5 2 -5 -4 1 -8
8 -4 -4 7 -10 4 -6 10 -9 -2 5 -10 8 0 10 5 -5 -1 6 -9 10 -3 9 0 8 -7 1 9 -9 6 8 -8 2 6 0 -1 -1 -5 9 -9 0 -4 6 0 8 9 -10 -8 -1 10 -6 -5 -4 -9 -6 8 5 1 6 3 1 6 2 1 -5 7 9 -3 9 6 -6 -3 -2 -9 9 8 6 -8 -4 -7 -10 -3 8 -8 -7 1 3
3 -9 2 -10 5 3 8 -10 6 4 6 -2 3 3 1 4 -2 0 4 7 1 -9 -9 -7 -3 -8 2 -6 -5 0 -7 -4 5 -2 5 -3 8 -1 -9 8 -6 -5 -3 -9 -1 -8 5 -10 -6 4 0 -5 -10 0 4 7 5 2 -1 -3 -2 0 -1 8 -8 6 1 1 -3 -8 -10 -6 -2 10 -9 -9 2 -3 -3 -10 -10 8 -5 7 7 -1
3 7 -5 -4 8 1 1 -6 -8 -3 3 8 -5 4 5 -1 -2 -3 -1 -9 -8 4 -9 -1 1 -4 8 6 -2 -5 6 -5 -4 -4 -4 -3 -1 5 10 4 -5 10 9 -5 4 2 -4 -2 -10 10 9 1 -6 3 6 10 8 -9 -7 -7 -3 9 3 3 -4 0 -4 2 -5 6 -3 9 10 -7 7 -7 -8 1 5 7 10 6 6 7 -4
-8 1 -9 3 0 0 5 4 2 7 -8 0 -3 -2 3 0 0 6 0 7 -1 -5 -7 -10 2 9 -3 6 5 8 -1 10 -2 5 -5 -2 -1 -6 -10 3 -5 8 1 -7 3 6 9 -7 7 -8 -8 -10 1 0 0 7 7 4 7 4 -1 -10 -3 -1 -7 -5 1 -8 -8 9 8 -4 2 1 1 9 6 0 8 0 -8 0 -1 10
-5 10 -10 7 4 0 8 -1 -1 -4 4 4 7 4 5 -1 -2 0 10 -8 4 -7 -9 1 -7 -1 -4 10 4 8 -5 1 5 8 10 -3 -7 -6 -8 -5 10 -9 7 -8 7 -7 3 1 -8 -6 5 -7 5 -7 0 -9 2 -3 -7 -2 10 -2 7 8 -1 -10 7 3 10 6 -2 -9 9 5 0 -9 9 7 8 0 9 -2 1
-6 5 -8 8 -6 3 6 7 -10 2 4 2 -9 1 -9 0 7 2 7 4 -10 -7 -6 -1 -2 -9 1 -7 -8 -8 -6 4 -1 3 -4 -2 -2 2 -6 9 -9 -5 -2 9 9 -1 2 -9 -4 2 -10 -3 -3 -8 -4 7 -4 7 2 -1 4 -3 -1 -4 -1 3 8 0 -7 5 6 1 -10 9 -2 6 -10 7 3 1 -1 -6
-1 8 5 3 -7 4 7 1 -8 4 -7 5 6 -9 -10 -8 4 -10 -4 -1 3 -7 5 4 -9 0 -4 -7 -8 -8 10 8 -3 -10 -9 -10 -7 10 6 6 -1 9 9 9 2 -9 2 -8 2 -9 1 -7 10 2 0 6 4 7 -1 2 -6 4 2 1 -2 -8 6 1 -6 -9 -9 8 -8 1 10 -5 0 -1 -10 7 10
5 -5 -9 -1 3 1 8 -7 -10 2 8 3 -6 -10 -4 6 2 1 5 9 1 10 10 3 1 -1 -1 0 -8 1 -8 -4 2 2 0 -4 -5 -2 -4 10 1 0 0 7 10 -7 -1 4 -5 -5 -3 0 -6 -8 6 -9 -5 -6 -3 8 10 10 -2 3 6 10 3 -6 8 0 10 8 5 10 -10 -2 3 -7 8 9
-6 -9 1 -2 10 0 -6 -2 -10 -5 2 6 9 -1 8 -5 7 7 -2 -4 3 -10 6 6 -10 0 -3 -7 10 -6 -5 -8 4 -5 10 4 -3 3 -4 -1 -2 -2 0 -10 -8 0 -6 -8 7 -9 10 2 -6 3 2 -8 10 -2 -10 -1 -3 3 6 5 -4 -5 -6 7 9 -6 -7 -1 -5 -7 10 5 7 -7 6
3 1 -5 3 0 6 3 -1 -9 -8 -9 -3 6 6 -4 6 -9 -2 7 -8 5 1 7 -2 4 -7 6 -9 8 -10 1 5 0 4 -9 3 0 -2 9 -3 -2 2 0 -2 -9 -6 -3 -9 6 5 2 2 5 -5 8 3 -9 1 -6 -7 10 -6 3 -2 4 8 8 4 3 8 4 -2 -8 1 0 3 0 10
-9 4 10 8 -5 7 -5 -3 -3 -9 -4 2 -10 7 -10 -1 -3 8 3 3 -10 7 1 -7 10 -9 -8 -7 4 -1 10 4 6 5 6 -9 -2 6 6 -5 -3 0 0 4 -9 6 7 4 -9 9 -3 7 8 8 2 -2 4 -1 3 0 1 10 -3 -6 -9 6 5 6 6 10 -9 3 -7 -4 7 0 -9
-10 -6 -9 5 -7 1 5 -4 -10 -5 -10 -1 1 1 10 -9 -10 6 9 6 5 -5 8 2 6 1 7 -9 6 4 0 10 -10 6 -6 7 8 2 8 10 -6 -4 5 -2 4 -5 -3 3 5 10 2 5 -7 -9 4 6 2 -1 6 7 -6 3 -5 -10 4 9 5 -3 0 -6 -7 10 10 8 -6 9
0 -1 7 -7 1 -3 -2 -3 -2 6 -4 5 -4 -4 -9 1 -9 5 -5 -8 -3 -1 -9 2 4 -9 -2 -1 -5 -4 6 -7 -8 1 -4 -1 8 -9 -4 4 -1 5 -10 -10 1 -5 -2 7 -9 6 -9 -4 1 -5 -9 7 1 -3 8 -7 8 9 -3 9 -7 9 0 -1 5 7 -8 0 0 -6 3
2 -8 -1 1 -9 5 3 -9 -10 10 -9 -7 3 -2 2 -10 9 2 10 7 -10 -7 3 -3 -5 1 -4 1 6 -9 -5 -9 0 -8 -8 -8 -7 9 5 7 -6 -2 7 9 -2 -3 3 10 -10 10 7 0 8 4 9 3 9 1 1 4 -8 -8 5 -7 6 3 2 -9 -10 -10 5 -6 -3 -1
-5 -3 6 1 -8 3 -4 8 -5 6 -2 -3 -10 10 -9 -10 -4 -4 -5 0 -5 2 7 -10 -8 -4 -9 -7 -2 5 -9 -8 -1 -5 -8 -9 -1 6 0 4 6 -9 8 8 -10 6 -7 4 2 -10 8 1 -7 7 3 -7 -4 0 -10 -10 -10 0 10 4 -1 5 -4 -3 -2 10 -9 -6 4
3 -3 2 6 -3 -10 -4 2 7 -4 -3 -5 -4 -1 6 -9 5 -1 -3 9 -10 -6 -4 -4 7 9 -4 -6 2 4 8 -5 8 0 -3 -10 2 8 6 4 -1 3 0 4 3 0 5 -7 -3 8 -3 -6 -2 4 -5 -4 -9 -5 -2 8 -3 9 -6 9 8 9 -10 10 2 4 -4 -3
6 10 -6 -8 2 4 -10 -4 2 -10 0 -1 -4 6 -9 -2 1 8 -4 8 -6 4 9 0 4 -3 -9 -9 -8 10 -8 -1 -6 5 -1 1 -5 -1 -3 -7 10 5 8 -3 -3 4 2 8 4 -10 -4 -5 2 6 0 -3 -2 -10 4 -1 10 4 4 -2 -3 -1 7 2 1 10 -4
6 5 -9 -2 -4 -10 0 -5 -8 -3 9 -9 -3 -9 3 -3 -2 8 -2 10 -6 5 -3 7 10 5 4 6 -8 -4 8 6 -3 -8 5 4 4 8 6 -6 -6 -2 9 8 -6 3 -2 9 1 -3 5 -6 8 8 4 -4 4 1 1 2 -7 10 7 10 4 6 -4 -5 -6 7
-4 3 5 -2 10 -10 4 5 -5 -9 -4 -5 9 7 6 5 -5 -2 -1 -8 1 4 10 -6 5 10 -3 -6 -9 -5 -8 -7 -4 -6 -5 10 6 -6 8 -3 -7 -10 -2 10 1 -4 10 -4 7 -2 -7 10 7 1 2 -2 8 3 -9 -1 -6 -1 7 -7 -4 6 -10 9 -8
-10 -1 -3 6 -3 8 -2 4 9 8 -9 5 5 9 -4 -7 6 3 8 7 -1 1 3 -5 -8 1 -1 0 4 7 5 -8 2 -6 -9 2 7 6 5 -5 -2 5 -4 -3 7 2 3 -4 -2 4 7 -8 -7 -9 0 9 10 -10 7 1 3 0 0 2 5 2 -5 2
2 7 9 7 -1 2 -7 6 -4 -6 7 6 -9 -6 1 9 -8 -6 4 -4 0 -10 -8 -1 8 4 2 -10 -5 -4 -6 -10 -2 -2 10 6 2 9 2 -1 6 5 1 9 0 -5 10 -3 9 -10 0 -5 9 4 1 -1 -3 1 9 -9 -7 -7 -4 6 0 -5 -9
7 -7 8 -3 -8 -8 9 -2 3 1 -6 7 4 10 7 3 -10 8 3 8 -7 5 10 9 -7 5 8 -4 -1 8 -4 1 4 7 -8 6 -4 -6 2 -3 -3 -6 7 -7 -10 -10 3 -7 -9 2 5 5 6 -6 -6 -8 7 9 -2 1 0 -1 4 -4 -5 2
0 6 4 -2 1 -7 -2 6 -5 9 1 1 8 3 -2 -4 5 -6 7 4 -6 3 -8 -7 -6 9 -10 4 1 1 -2 5 -6 3 1 7 -3 3 3 3 -6 -9 -1 10 -7 -1 3 -7 5 -1 6 10 8 -2 10 8 10 -6 8 0 6 2 -5 -10 -7
-2 -1 3 -7 -7 -1 2 -4 -2 9 8 -2 -3 1 -9 4 -5 -5 3 0 6 -8 5 -9 0 3 9 -4 -9 -6 -6 -9 -4 7 5 6 1 1 5 6 8 -8 4 0 7 3 -10 10 9 5 10 -6 -5 -6 5 7 -5 4 -9 -2 2 -8 -6 0
5 6 -4 -7 5 -6 5 7 2 -4 -7 9 3 -10 0 6 0 -1 8 8 -5 5 1 6 -1 -9 -5 -2 6 2 -5 5 -8 -1 -2 2 2 2 1 6 -8 3 -3 9 10 -5 -8 -1 -6 10 9 2 -10 3 -1 10 2 6 0 4 6 -6 4
-5 10 2 8 -2 -7 -5 -3 3 0 -7 -7 -9 -7 -5 5 -1 8 0 3 -6 -8 -1 -6 3 -9 3 6 -1 10 -7 9 -4 1 5 -3 1 -3 5 -10 -5 0 -5 2 -3 8 -5 9 -5 -8 7 -10 5 3 7 7 4 10 -8 9 1 1
5 -4 0 2 7 10 0 0 -1 -10 10 10 9 -10 9 0 -8 -10 8 10 7 -8 0 4 -7 8 4 -5 -4 6 -7 4 -1 5 -10 7 6 -7 -3 -10 3 1 9 3 9 6 -1 -3 -6 6 0 6 0 6 -10 1 7 5 1 -6 0
1 1 -5 10 -2 7 9 -6 1 4 -2 9 -8 -7 -8 9 4 -9 -9 10 1 10 4 -10 -5 -9 -2 10 0 4 5 0 -4 9 10 -1 -2 0 -1 4 1 -10 5 8 -6 8 -5 3 5 1 -2 1 2 7 0 -2 3 1 -8 -4
-6 -2 7 3 8 6 2 2 -8 -2 9 0 -8 -4 9 6 5 -1 6 1 -1 3 -8 -9 -6 -7 0 2 -6 3 -10 -7 3 3 0 -4 9 -1 -3 2 7 -3 3 -2 2 -6 -2 7 -10 -8 4 -8 -1 -8 -3 8 -1 -9 7
3 3 7 6 -10 -6 -7 7 -7 1 2 7 10 -10 -5 -8 4 4 -10 1 9 -6 -4 7 -2 -4 -1 -2 0 -5 5 -5 3 10 -2 -2 7 4 8 9 3 10 3 -4 -4 -5 6 0 0 2 6 8 9 6 -6 -1 -4 -8
8 -1 3 -3 -2 -10 8 -8 -5 -6 10 -5 -10 -6 -10 -8 -9 -7 2 -1 -2 2 -8 3 -9 -9 -2 4 4 4 7 -10 -4 -4 -4 3 8 9 -5 2 4 -6 -6 2 7 -7 0 5 6 10 -6 3 -10 2 -7 6 -4
9 -2 5 -5 2 1 10 7 5 -1 1 -2 -10 1 -9 7 -10 4 -8 3 -4 -8 -9 9 4 5 -7 9 -1 -10 8 3 4 -7 10 10 2 8 7 10 1 4 8 10 10 7 5 2 10 7 -7 -4 0 -3 1 -6
7 -2 -1 3 10 9 9 3 -4 1 8 9 -5 0 -1 -2 4 -9 1 1 2 4 0 8 9 -5 6 7 10 1 10 -6 4 -2 5 5 -1 10 -1 4 0 4 -7 -7 2 0 -8 6 4 9 0 0 9 2 -2
4 10 -1 2 6 -5 5 0 -7 0 -4 7 5 -7 10 6 6 -6 0 -1 -4 -6 -9 3 -8 6 -5 -7 -1 9 3 6 -5 2 0 4 7 10 -10 5 9 -8 -6 9 -1 8 4 -10 0 -1 5 -1 -2 4
-6 -3 3 9 1 -4 -2 1 5 -4 -4 -8 7 -1 -5 5 -2 8 -10 -1 10 5 5 -7 4 -2 3 10 -1 5 8 4 3 2 -5 -7 6 9 8 7 10 8 -9 -9 -5 -1 -10 0 -10 -3 5 -1 7
6 7 -2 -9 -8 7 -10 9 5 4 2 1 6 7 5 0 -4 10 -4 8 -1 1 6 -1 -2 3 -4 5 1 -5 -5 3 -5 5 -9 -6 -1 -8 10 4 -9 5 -6 -1 -3 -10 -8 9 0 3 -6 -5
2 -2 -7 9 -9 3 8 4 9 0 -9 -10 -10 -8 2 8 -2 -7 -1 -7 7 -1 2 -6 -2 -5 -4 6 7 -1 -5 -9 -1 8 6 4 -9 10 -6 2 -10 -5 7 0 -1 10 4 -8 -2 -7 -9
0 7 -6 9 -3 3 10 0 1 -3 3 3 -4 -5 10 8 8 -7 1 6 8 1 -4 -8 8 -4 10 -9 7 2 0 0 -4 7 -6 4 -8 9 2 -7 3 8 -1 -5 0 0 2 -2 -8 0
-9 0 3 -9 -5 10 3 8 -8 -8 6 -9 4 7 -9 3 -5 -4 1 -8 9 -8 -9 8 0 -8 -7 -6 4 3 -7 -9 -2 4 7 2 -9 10 -2 0 -4 0 7 2 7 10 -8 7 -1
5 10 10 -4 -10 -7 4 -10 9 -8 2 -10 -8 -3 -3 -3 -7 -10 -8 -9 0 -6 5 -3 -9 -9 -7 -4 -7 3 2 1 10 9 5 -9 -9 -3 10 -7 7 -2 -5 10 -4 -10 -5 6
-3 -9 -9 -6 -9 7 -5 10 -7 4 7 -10 -6 5 3 6 0 6 -3 -9 -8 -7 10 9 -6 -2 -1 7 -3 -7 5 -7 0 -9 -5 2 1 9 9 4 8 -6 6 -9 2 -2 2
-8 -6 9 0 -3 -7 -2 3 -10 3 0 -1 -10 2 3 10 6 -4 -9 10 -7 -9 7 -7 -7 5 -5 7 7 6 4 -2 -2 6 5 -6 10 -3 -6 0 6 9 -6 -9 -7 8
-7 -7 10 3 8 -9 -6 -5 0 7 7 -4 0 -1 10 -4 -9 7 9 5 -1 6 -5 -5 1 -7 9 -3 8 9 -7 -8 -2 5 -5 -10 2 -6 9 9 -2 -2 9 2 10
9 5 6 -6 -4 -2 -9 10 -5 9 -8 -1 -8 2 -8 -9 -10 9 -10 -10 3 0 -1 -7 -9 3 9 5 -2 -6 6 4 -6 -5 -9 4 -2 -10 -3 1 10 0 2 -9
-4 -6 9 8 4 8 -5 -8 1 -2 2 0 -7 -3 -3 -10 6 -2 -8 -5 6 0 0 4 -9 2 -6 1 7 2 10 6 10 6 -8 9 9 2 -7 7 2 -2 2
6 0 3 -3 6 5 -9 1 -8 2 -10 9 -4 4 5 -7 2 -6 -2 9 5 10 -10 -8 -3 9 -7 -5 9 -7 1 8 5 -5 -1 4 -9 -2 4 -7 3 1
-2 10 -6 8 8 0 3 -6 -3 9 -9 4 2 -9 -1 -1 -9 8 -10 -9 9 -8 1 -3 -8 8 -5 7 0 1 10 -2 4 -5 9 1 2 5 -2 10 3
-2 -8 -5 3 2 7 10 9 1 1 -1 -9 8 -8 10 1 -9 -5 2 6 -6 2 -5 -9 2 10 -7 6 7 1 0 4 1 -4 -8 -10 -4 1 -5 5
-7 -10 -4 -1 8 -5 -7 4 4 -9 2 -7 9 5 -1 7 8 4 -10 5 -7 -9 5 9 4 -1 1 7 -4 4 8 8 3 -7 2 7 10 9 4
-6 4 9 1 9 9 -7 3 -4 -6 -5 10 -6 2 -6 -6 -8 7 9 -9 7 -5 8 -3 -1 -2 -5 4 -4 -7 8 5 2 5 -5 -7 3 5
-4 -4 -8 -1 4 -3 1 9 8 0 -9 10 -1 4 -9 3 -1 4 1 5 7 -3 -8 -2 6 1 5 -4 1 7 7 -3 3 5 -3 -9 -2
1 8 6 -2 -7 2 1 5 -6 -6 9 -5 -6 -5 8 -1 9 2 -9 -2 -8 7 -9 -8 -6 -9 1 7 -4 3 -6 -4 -7 -3 -4 0
-8 9 -1 3 9 5 -4 6 8 5 -4 -8 2 -10 4 2 7 2 5 8 -1 -4 10 5 1 -5 10 7 4 5 -9 10 6 -1 -10
10 3 -3 -9 0 1 -1 -5 -1 -4 -8 -1 8 5 4 -5 7 9 -8 8 6 -9 -7 -5 8 10 -3 4 -4 -8 -1 2 -2 -9
-9 7 10 -5 -7 -7 7 2 8 -3 10 0 -6 1 4 -2 -8 4 10 2 0 -8 6 -4 1 -8 -10 -3 6 -8 -10 0 -3
-4 -5 -4 7 8 0 -5 -8 7 8 -2 -4 -1 -8 -1 1 5 -10 -3 8 3 7 10 -6 8 6 -8 9 9 -7 2 -6
9 2 -7 9 -6 7 9 7 -3 -5 -5 4 1 -5 0 6 9 -10 -9 0 8 2 -1 4 -4 3 -10 5 6 10 6
2 -2 2 2 -8 10 2 2 1 -8 7 3 -6 -10 4 7 8 6 2 7 -3 -1 -6 -6 -2 -3 5 -2 0 -4
6 3 7 -10 -4 -4 0 10 -7 -5 -8 -8 -7 8 -10 3 -10 -8 8 -4 8 6 1 -5 -8 2 9 -7 9
-8 1 -5 -10 -3 8 4 -10 -10 -7 6 -7 1 -10 -5 5 -1 -6 9 -1 0 -2 -6 0 1 10 0 7
-4 7 4 6 -3 7 1 9 -3 3 4 7 6 5 -5 9 4 -2 4 -9 -1 -8 -4 -1 3 6 1
9 0 -1 7 7 4 -10 -5 4 3 2 2 2 -7 0 -8 6 7 2 -2 -7 9 -8 6 5 3
5 5 1 7 6 -9 -3 1 1 6 -4 9 1 3 9 8 -8 -7 -10 -6 -10 -2 3 6 4
7 4 -4 7 -10 10 8 7 6 3 -1 7 10 -3 -8 4 4 -9 2 -3 -3 4 -4 7
5 5 9 2 6 4 7 -2 4 -2 7 0 0 -5 8 -1 -7 -6 -2 -2 8 7 5
-7 -4 6 -1 -8 9 -9 -4 -8 9 -7 -4 -1 8 -7 1 4 8 3 -9 10 -3
-3 2 4 3 9 4 -2 -8 5 1 6 -6 4 9 -8 3 -1 -5 -2 -5 -10
0 10 -4 -1 5 7 3 -9 -6 -3 -2 10 -1 -5 0 8 -10 -6 7 -1
-5 9 3 -3 -7 -8 -3 -2 -8 1 3 1 7 4 -1 7 2 -9 -10
-8 -9 -9 -10 -9 -6 -8 0 -7 7 -6 -9 -3 -7 -7 -6 -2 -9
-1 -4 -10 4 -5 1 7 -7 2 2 -3 -5 -1 3 3 -5 8
-7 6 8 4 0 -7 9 -2 1 -2 -9 0 -3 -2 8 2
-4 -4 3 9 9 -1 2 -5 -4 10 4 7 -8 -2 5
3 -6 1 -4 10 -8 -4 6 8 8 6 -7 1 1
4 -6 -7 -7 10 -9 -3 0 -4 1 3 0 -7
0 1 4 8 -5 7 1 7 -7 -1 10 2
0 9 -9 -4 1 -3 4 -2 -8 -10 -1
-5 -2 8 -10 -9 5 9 -8 -10 -2
7 -3 -5 -6 -8 -8 -9 4 -9
-10 -7 5 -3 -10 -5 -3 8
-5 -2 -6 7 2 1 6
9 -6 -9 -1 5 9
-7 10 -10 -10 -3
9 0 -6 8
5 -6 2
-3 5
-9