200
10 10 9 10 10 10 10 10 10 10 10 10 10 10 10 10 10 10 9 10 10 10 10 10 10 10 10 10 10 10 10 9 10 10 10 10 10 10 10 10 10 10 10 10 10 9 10 10 10 10 10 10 10 9 10 10 9 10 10 10 10 10 10 10 10 10 9 10 10 10 10 10 10 10 10 10 10 10 10 10 10 10 10 10 10 10 10 10 10 10 10 10 10 10 10 10 10 10 10 10 10 10 9 10 10 10 10 9 10 10 10 10 10 10 10 10 10 10 10 10 10 10 10 10 10 9 10 9 10 10 10 10 10 10 10 10 10 10 10 10 10 10 10 10 10 9 10 10 10 10 10 10 10 10 10 10 10 10 10 10 10 10 10 10 10 10 10 10 9 10 10 10 10 10 10 10 10 10 10 10 10 9 10 10 10 10 10 10 9 10 10 10 9 10 10 10 10 9 10 9
1 2 3 4 8 9 10 90 158 195
11 12 13 15 16 19 20 158 180 185
21 22 23 24 25 27 30 82 189
31 33 34 35 36 39 40 76 84 186
42 44 45 46 47 48 50 54 83 155
51 52 53 54 55 58 59 76 182 192
61 63 64 65 66 68 69 95 110 183
48 57 71 72 73 75 76 77 78 171
58 81 82 85 86 87 88 89 112 122
71 82 91 92 93 94 95 99 100 144
58 69 99 102 105 106 107 108 109 110
50 71 111 112 114 115 117 118 119 186
6 105 122 124 125 126 127 129 130 176
33 57 130 131 132 134 135 137 139 140
41 89 141 142 143 144 146 148 149 179
23 90 152 153 154 156 157 158 159 173
23 69 162 163 164 165 166 167 169 189
59 88 172 173 174 175 176 177 178 182
71 153 182 183 185 187 188 189 190
85 164 187 191 192 193 194 195 198 200
1 2 4 7 8 9 10 19 89 192
11 14 15 16 17 18 19 124 187 189
21 22 25 26 28 29 30 44 126 185
8 31 32 33 34 35 39 40 101 147
42 43 44 45 47 49 50 55 75 197
18 51 53 54 56 58 59 60 166 176
1 21 40 62 63 64 65 68 69 70
6 48 72 74 75 76 78 79 80 157
60 83 84 85 86 88 89 90 94 134
79 91 93 94 96 97 98 99 152 189
16 58 101 102 103 106 107 109 110 130
10 111 112 113 117 118 119 120 155
50 119 121 124 125 126 127 128 130 168
11 85 131 132 133 135 137 139 140 185
35 105 141 143 144 145 147 148 150 170
35 59 69 151 152 153 157 158 159 160
39 137 162 163 164 165 166 168 170 184
29 57 72 173 174 175 177 178 179 180
17 20 172 182 183 184 185 186 187 189
143 159 182 191 192 193 194 195 198 199
1 2 5 6 8 9 10 92 136 189
8 11 13 14 15 16 18 20 21 24
21 22 23 25 27 28 29 154 177 191
31 32 34 35 36 37 38 45 94 163
28 39 41 43 44 45 47 49 50 61
51 52 54 55 58 59 60 75 163
32 33 61 63 65 66 68 69 70 91
35 71 74 75 76 77 79 80 87 100
7 33 81 82 83 84 87 88 89 189
12 31 77 91 93 94 95 96 97 99
11 102 103 104 106 107 109 110 117 195
66 108 111 113 114 115 116 118 120 138
51 87 121 124 125 126 128 129 130 162
46 131 134 135 136 137 138 140 156
53 66 99 141 143 145 146 147 148 150
33 77 89 151 152 154 155 157 159 160
12 30 161 164 165 167 168 169 170
12 16 135 171 172 174 176 177 178 180
9 98 127 181 182 185 186 188 189 190
130 140 155 191 192 193 194 195 197 199
1 2 5 6 7 9 10 21 80 107
11 12 13 17 18 19 20 96 111 173
20 21 23 24 25 26 29 30 49 144
26 30 31 32 34 35 37 38 40 80
41 42 43 44 46 47 50 94 129 166
9 52 53 54 55 56 58 60 181 198
12 47 63 65 66 67 68 69 70
36 39 72 73 74 75 77 78 80 137
26 67 81 82 83 84 85 86 90 191
91 92 95 97 98 99 100 130 181 190
3 101 102 104 105 107 109 110 131 180
111 112 115 116 117 119 120 162 170 174
84 121 125 126 127 128 129 130 137 191
22 49 131 133 134 135 136 137 138 139
66 135 137 141 142 143 145 146 147 150
143 151 152 153 154 158 159 160 182 193
7 11 35 161 162 163 164 166 167 168
15 97 99 171 172 174 175 178 179 180
67 176 179 182 184 186 187 188 189 190
7 48 176 191 192 194 195 196 197 198
1 4 5 6 7 8 10 115 142 172
13 14 15 16 17 18 19 31 54 106
3 12 21 23 24 25 26 27 28 61
7 31 34 36 37 38 39 40 48 59
31 41 43 44 45 46 47 48 50 192
51 54 55 56 57 58 59 72 101 145
25 46 61 63 64 65 66 69 70 138
21 72 74 75 76 77 78 80 161 195
9 15 82 83 84 85 86 87 89 188
40 91 92 94 96 97 99 100 115 145
99 101 102 104 106 107 109 110 171 178
85 111 113 114 115 116 117 118 194 197
85 121 122 124 125 127 129 130 145 155
39 85 131 132 133 134 135 138 139 178
12 53 93 141 143 144 145 147 148 150
45 89 119 151 152 153 154 158 159 160
1 116 137 164 165 166 167 168 169 170
131 155 171 173 174 175 176 178 180 185
74 128 181 183 185 186 187 188 189 190
5 57 88 191 192 193 195 196 199 200
1 3 4 5 6 7 10 46 127 158
11 12 15 16 18 19 20 92 176 182
23 24 25 26 27 28 30 39 158
18 19 31 32 33 35 36 37 39 56
41 42 43 45 46 48 49 105 129 197
39 51 52 53 54 57 58 60 120 149
7 21 61 62 63 66 67 68 69 184
71 72 75 76 77 78 79 118 193
1 50 81 82 84 85 86 87 90 174
24 56 93 94 95 96 97 99 100 195
58 65 84 102 103 105 107 108 109 110
11 75 83 112 113 114 115 116 118 120
14 58 121 122 123 124 125 127 130 160
59 79 119 132 133 134 135 137 138 140
95 141 142 144 145 147 148 150 164 195
70 74 152 153 154 155 156 157 160 165
90 130 161 162 163 166 167 168 169 170
52 101 102 171 172 174 176 177 179 180
39 52 98 181 182 183 185 186 188 190
44 98 131 192 193 195 196 197 198 199
3 4 5 6 8 9 10 64 113 195
3 11 12 13 15 16 19 20 111 152
21 22 23 24 25 27 30 53 107 109
30 31 32 33 34 36 38 40 130 175
16 41 42 43 47 48 49 50 99 115
53 55 56 57 58 59 60 125 197
61 63 65 67 68 69 70 136 167 168
10 33 71 73 74 76 77 79 80
81 83 84 87 88 89 90 94 121 124
90 91 92 93 94 96 97 99 189 191
36 67 102 103 104 105 108 109 110 154
49 74 111 112 113 114 116 117 120 189
38 108 118 121 122 124 125 127 128 130
33 56 132 133 135 136 138 139 140 188
74 112 142 144 145 147 148 149 150 187
6 151 153 154 155 156 159 160 181 193
60 161 163 164 165 166 167 168 169 199
85 103 171 172 174 176 177 178 179 200
33 39 89 181 182 183 184 186 188 190
71 150 191 192 193 194 195 197 199 200
1 2 4 7 8 9 10 59 119 148
11 12 14 16 17 18 19 130 188 199
21 22 25 26 27 28 30 48 98 172
31 33 35 36 37 38 40 60 132 197
43 44 45 46 47 48 50 91 109 193
50 52 54 55 57 58 59 60 95
22 61 62 66 67 68 69 70 100 160
72 73 74 75 76 77 78 143 170 185
83 84 85 87 88 89 90 131 156 178
47 92 94 95 96 97 98 100 132 167
68 101 102 103 104 105 107 109 138 198
9 101 111 112 113 114 116 119 120 141
98 122 123 125 126 128 129 130 133 148
22 47 106 131 134 136 137 138 139 140
53 60 85 142 143 144 145 146 148 149
25 28 151 152 153 156 157 158 159 166
13 63 83 161 162 164 165 166 168 169
91 154 171 172 173 174 176 177 178 195
44 112 117 181 183 184 185 186 187 189
130 140 157 191 192 194 195 196 199 200
1 3 4 5 6 8 9 10 131 182
9 11 12 13 16 17 18 20 73 82
22 23 25 26 27 29 30 63 93 155
31 32 33 34 35 36 37 38 113 197
41 42 45 46 47 49 50 54 102 134
10 46 51 52 54 56 57 59 60 182
61 62 64 65 66 67 70 85 97 183
27 71 72 73 74 75 77 79 80 168
81 82 83 85 86 88 89 164 186
71 81 91 94 96 97 98 99 100 189
1 11 15 102 103 104 106 107 108 110
102 111 112 113 116 118 119 120 174 188
57 122 123 124 126 127 129 130 139 165
4 46 131 132 133 135 137 139 140 175
9 61 70 141 142 144 146 147 148 149
7 151 152 153 154 155 157 158 166 186
16 44 120 161 164 166 167 168 169 170
19 132 155 172 173 174 175 178 179 180
61 151 162 181 182 183 184 185 187 190
12 166 175 191 192 196 197 198 199 200
1 2 4 5 7 8 9 14 91 168
11 12 13 14 15 17 18 40 175
21 23 24 26 27 29 30 81 132 161
8 16 31 33 35 37 38 39 40 179
42 43 46 47 48 49 50 102 137 167
4 51 52 56 57 58 59 60 93 184
63 64 65 66 68 69 70 111 183 189
66 71 72 74 76 78 79 80 147 187
31 82 83 84 86 88 89 90 120
80 91 92 94 95 96 98 100 136 177
37 60 102 103 104 106 108 109 110 122
55 71 112 113 114 117 118 119 120 160
49 118 121 123 124 125 126 129 130
3 131 134 135 137 138 139 140 151 156
1 143 144 145 146 148 149 150 173 198
67 76 113 152 153 154 156 157 159 160
7 84 103 161 162 164 166 168 169 170
37 136 171 173 175 177 178 179 180
110 140 182 183 184 185 186 187 188 196
87 138 191 193 194 196 197 199 200
3 -3 8 -2 -6 -7 -8 3 10 2 5 -1 1 1 1 6 -3 -8 2 -9 -10 -10 6 -4 5 -5 -2 6 4 -7 7 -5 6 -2 -4 9 0 6 -5 -2 8 -2 6 -8 1 -7 1 5 7 -1 2 9 5 -10 9 -8 4 -7 8 3 -7 9 -5 4 -2 -7 5 -8 -10 -7 6 5 -10 1 -1 0 -2 0 -5 1 0 3 1 3 -10 9 2 5 9 -7 -3 9 -8 9 1 -9 -8 -3 7 -7 6 -1 7 -1 3 4 0 -1 10 -2 -1 9 -6 -10 0 -4 1 -3 -7 -2 -10 8 -4 7 8 1 -5 0 4 3 -6 7 -5 8 10 5 -7 -10 -7 -1 8 -3 3 -8 -4 4 9 -1 -3 8 -1 0 -10 7 -8 -4 8 4 -2 6 6 4 7 9 -7 -1 7 0 -6 10 -1 8 2 4 9 -1 -6 -7 -3 10 -6 -3 1 -5 10 6 -6 6 -5 4 -9 -2 5 -2 5 5 -7 -8 8 9
8 -10 -2 6 6 -1 5 -1 -9 -10 4 -2 0 6 -6 -10 1 -7 -9 -8 7 0 -1 4 -10 -8 3 1 3 1 9 0 -5 -2 3 9 5 8 8 -1 0 -10 6 -1 -9 -8 -8 5 -1 10 2 -5 -3 -5 -7 -5 -9 -1 2 10 9 1 -3 0 -8 5 -5 2 3 -7 -1 10 -1 -7 -7 1 4 -8 7 -8 1 -9 5 1 -8 2 8 -8 4 10 0 10 4 -8 2 1 5 -5 7 7 5 8 -2 -5 -10 9 -9 3 -9 0 2 -7 -5 -5 -6 4 7 10 3 6 3 2 9 10 -4 1 -8 -9 -7 -10 -7 -6 2 1 -1 -2 -10 4 7 0 7 4 10 6 7 -2 -8 10 7 -4 -3 8 -3 -2 9 0 8 7 -2 -1 5 4 1 8 8 -2 -3 -4 3 8 1 -4 -8 -9 -6 5 1 10 9 -4 -10 6 -1 -9 -8 -10 -5 -5 9 -10 0 4 1 0 -6 5 -8 -9 1
4 6 -7 -10 1 -10 -5 1 -8 0 4 -6 -2 3 -6 -7 8 -7 8 3 7 0 1 -7 4 2 -1 6 -6 -3 6 9 10 -7 -3 4 -6 -9 4 9 -4 1 -5 9 10 3 -8 2 3 -4 -1 1 1 -3 -1 10 6 7 -3 1 9 -4 6 -8 3 -7 -4 -9 -3 5 1 1 -3 9 5 3 4 7 9 -9 2 8 -8 -3 3 -4 -7 9 -5 -9 -9 7 -7 -3 -6 -9 1 -1 -1 -7 5 2 5 2 0 1 -8 4 8 7 -5 3 1 5 1 6 1 -10 -8 -9 -2 4 8 -9 6 10 -2 5 0 -8 -1 6 -4 3 7 6 -4 -3 -2 9 -4 -2 5 -7 -3 -10 -1 4 -3 6 1 4 -2 0 -1 -3 -1 0 9 4 -4 3 9 -2 0 -10 9 7 -6 -7 -1 4 -5 -3 -3 -9 4 0 -4 10 -2 -6 -2 -2 -2 6 8 -9 8 1 -1 1 10 4 -6 4 -9 8
0 7 0 -2 -5 4 -4 5 -2 9 -9 4 -5 -7 6 -10 -1 -7 2 -8 7 8 -7 6 -4 7 -4 6 -8 0 5 10 -7 5 -2 -7 -7 2 9 10 1 4 -9 -6 -3 8 -8 0 1 0 4 8 3 -6 6 6 -8 9 -10 0 -8 4 1 8 -1 -9 9 6 -8 5 -1 4 3 8 4 9 -1 -4 8 3 -2 3 10 5 -9 2 7 -6 0 2 -1 4 10 1 -6 -8 -10 -7 8 -10 9 0 6 -6 -10 7 3 1 7 -1 6 -8 -10 4 8 -2 -3 -10 9 -3 8 1 2 -7 -1 -7 9 -7 2 -9 8 10 1 -10 7 3 0 5 4 -8 7 -9 -8 -8 -8 -7 2 7 -10 0 9 -8 10 0 2 -8 -1 -9 10 -7 -1 5 4 5 8 10 3 -9 8 -4 0 -6 -3 -9 -3 -6 -7 7 -7 -1 0 0 -9 -8 -5 -9 5 -10 -4 8 7 -7 7 9 -1 6 3
-6 -1 -7 2 -7 8 10 -1 -1 -4 -10 -2 1 -5 -2 -10 3 -5 6 -8 0 -3 -1 4 1 -9 -4 -7 -2 9 -7 -4 8 2 8 3 -10 -10 -6 -6 -6 -9 4 2 7 -6 -7 7 -5 4 -1 0 -4 3 5 8 -5 -3 -10 -7 -2 -5 4 -4 -4 -8 -4 -3 -5 3 9 6 5 10 0 -1 10 -8 3 -1 5 10 -5 5 -2 8 -8 -7 -4 8 0 4 -3 8 3 2 10 1 6 1 -5 -9 -7 1 -8 -2 -10 -2 10 9 9 5 -6 -3 -9 -6 -9 10 1 10 -10 -7 -5 -1 -1 -4 9 -6 -8 4 0 -3 6 -10 2 -9 -1 1 5 -10 -9 -7 -2 5 -7 -8 8 8 2 2 -2 2 -5 8 6 -1 -1 -5 6 -2 -3 -3 -9 7 8 -5 -4 10 -4 2 2 -2 7 -2 5 -8 -4 -7 -8 10 8 10 -2 -3 7 9 -6 0 5 6 -3 -7 -10 -8 5 3
-7 1 7 2 -5 1 -3 -1 -1 -9 1 -1 -5 3 -7 -10 -5 9 1 5 -4 -3 -7 6 3 -1 0 10 -8 8 -2 5 -9 -4 9 4 -1 -9 -4 5 6 -5 -3 4 10 -6 6 -2 -1 5 -8 -4 -7 -8 7 -6 10 5 -5 4 -9 5 6 -3 -7 -2 -3 -3 2 -6 -1 -6 4 -8 9 -6 -5 8 -3 -2 1 4 -3 4 -7 -5 -10 3 5 -6 -6 10 8 -9 -6 -2 -1 0 9 8 7 -5 7 2 -4 9 8 3 -2 10 3 -3 6 -7 8 10 6 -6 -6 -2 10 -3 10 -8 -10 0 7 5 10 6 -8 -4 -7 10 -6 -7 -2 1 -2 9 -10 4 2 -4 -7 4 -8 -3 -5 -3 -9 -4 6 2 -3 -9 0 -9 3 -8 7 7 9 -1 -5 2 1 -2 10 -5 -9 1 -8 -2 -5 -6 -6 -8 -5 -5 8 8 -9 -7 -5 8 -9 -6 -10 2 10 -1 -3 5 0
3 -5 -3 -3 -5 -10 -2 -3 3 -7 2 -6 3 -4 1 10 -1 -3 -5 2 -6 8 5 10 -5 4 -2 -9 -6 -2 9 0 3 -5 10 -3 4 7 4 -10 -7 0 6 3 6 -5 -9 -8 1 7 -6 2 -2 -7 -2 -7 -4 -4 8 4 3 -1 -4 -2 -9 5 0 7 -8 5 7 -1 -3 -6 2 3 3 1 8 4 5 -5 7 -7 -5 1 -5 -9 -3 1 4 -6 -3 10 -3 -3 -1 8 8 -7 -10 -8 4 3 -7 -10 -1 3 10 -5 -7 10 -3 -8 3 -2 -1 2 -1 0 3 2 -6 7 7 -1 -10 -1 3 -6 0 8 -1 -9 0 6 0 10 4 -8 -7 -1 -10 3 -3 -10 7 8 -2 9 7 8 2 -1 -5 3 -4 -2 -5 3 -10 5 -9 -8 2 -4 8 -5 -1 4 -8 -1 3 -8 -4 -8 7 9 8 4 7 8 -10 10 -4 5 -5 -10 5 -2 -3 6 -9 -3
8 0 1 -1 -8 -10 1 -6 2 -9 7 3 4 9 6 -4 -6 -6 -9 6 9 -4 -4 -4 8 -10 0 4 -6 -4 -8 7 2 -6 3 10 1 -1 9 -1 6 5 0 -7 4 -4 3 -3 -2 -4 -1 -1 -1 5 -8 -5 -1 -5 -2 1 -2 -7 -5 3 -9 -7 9 -3 -1 -10 -2 6 -3 -10 6 10 -8 -6 -1 -6 -6 -5 -7 5 -4 1 -1 4 -9 -9 -10 -10 3 9 1 2 0 6 5 0 9 9 -4 0 2 -3 3 8 10 6 -10 1 -10 -7 -7 1 2 -2 -5 -4 7 2 6 5 -5 -3 -9 5 8 5 -4 -7 1 -2 -8 -7 -4 -3 1 7 -10 -2 8 -3 8 5 0 -1 -1 6 2 -7 -9 -1 -4 4 -9 0 7 -9 0 8 0 7 -1 -9 9 -7 -4 6 -2 -9 7 4 10 -1 -5 2 5 -4 -8 -5 7 -7 0 -1 7 -10 5 7 -6 -1 -6
10 -1 -8 -6 7 5 0 -4 -1 7 -3 -8 -3 8 7 8 -4 8 -8 -1 9 8 -1 -8 4 1 3 -2 -9 -3 8 10 9 -6 8 -7 -1 10 1 8 6 -7 -2 -8 -1 7 -3 6 -9 -5 -10 6 0 9 9 -10 3 -2 -9 -3 9 3 -8 10 0 3 -9 6 -3 9 10 4 -3 4 -4 -9 4 5 1 8 1 -1 10 6 -8 -2 7 -9 5 4 8 -10 7 -6 5 -7 4 7 1 10 3 5 10 5 -10 0 4 -10 -5 8 -9 -9 -8 -10 -7 10 -1 -7 3 -1 -2 0 -4 6 -5 -8 -5 0 7 -9 -7 -1 -10 7 8 4 -7 -7 -1 -4 7 10 4 8 5 8 -7 8 3 10 9 10 -10 7 8 6 -2 4 5 -1 6 -4 8 -3 -9 6 -7 3 -4 -8 -10 6 6 4 -9 7 7 10 9 -5 4 7 6 1 2 -7 7 -4 9 6 -8 2
-6 -6 -10 -10 -8 3 -7 6 -10 4 7 -3 3 -8 -10 5 -10 -4 -4 -4 -7 0 -5 -8 -6 -3 9 0 -2 -9 4 -10 -6 -6 3 7 -3 -1 4 -7 10 -3 -9 0 7 2 0 -2 -10 3 -8 3 -10 0 2 4 10 -3 -3 3 5 5 7 -1 9 -4 0 3 -4 -3 2 -3 9 2 -2 7 4 8 9 9 -7 4 5 7 5 5 0 -7 6 6 -5 -4 -10 -8 6 -7 2 8 -5 7 6 3 -10 4 1 10 -7 -8 1 -5 -8 5 5 10 5 3 -2 -9 6 3 -1 -7 6 -3 -2 3 10 10 8 4 0 -8 2 -9 -1 0 -4 -5 -6 1 -10 -5 -4 -5 -8 10 2 9 4 5 -2 7 2 -5 -4 -7 7 -6 -5 -2 -6 5 4 -5 9 -10 9 -6 -10 -3 -6 3 -8 -2 -9 -9 -6 -7 -5 -6 5 3 -1 -4 -5 1 7 0 5 -8 4
-1 7 6 -7 -9 4 0 4 -3 8 -9 -8 5 -9 7 5 -6 -4 3 3 3 -2 1 -4 6 -8 -4 5 0 3 6 -7 -8 -3 -9 -2 5 -4 1 -8 -9 -9 9 -2 -2 -9 1 9 9 -1 6 -8 -5 -1 -4 -1 8 -9 -8 -9 3 -5 1 -8 -3 5 5 -7 -5 -3 -5 -1 4 -1 3 9 -6 -10 -1 -3 -6 3 9 0 -6 0 10 7 -3 6 5 -4 1 2 -4 -8 -8 10 7 -7 3 -1 -5 8 0 -8 0 -7 1 -10 8 -3 4 -5 -10 4 -6 -3 -6 6 -4 -6 1 -3 -9 -7 -5 5 -9 3 -5 -7 -4 5 -1 -9 2 -4 -1 10 -8 4 -5 -7 5 -6 -2 1 -7 -8 9 -9 1 -2 -3 -6 -2 8 3 6 2 10 -9 6 -7 -6 -1 -7 1 1 -4 5 -4 3 -6 -3 -2 5 7 6 4 5 8 1 5 -2 7 1 -3 -4
-2 -8 2 8 -7 4 2 -2 7 -2 -1 5 3 -1 -2 0 2 -3 1 -8 -5 -8 7 -2 1 0 -6 -7 5 8 -7 -1 9 -4 -10 -3 -8 -8 5 6 -8 -4 9 -7 -3 -7 -4 -6 4 8 6 -5 7 -10 3 -3 -4 -10 -10 -5 2 -8 6 0 1 -9 -3 3 -5 1 -4 -9 -10 -6 5 -9 -8 8 1 2 7 -4 -9 9 -8 -10 -1 -3 -5 5 6 2 6 -3 -6 5 -4 -9 -8 8 7 -6 6 5 -9 -8 -9 5 0 0 1 10 0 7 -9 10 -2 -3 -10 9 4 -7 10 -2 -4 -6 2 -10 -9 -9 0 -4 0 -2 -9 -4 -1 6 10 -1 8 7 4 3 -2 -6 -9 3 -5 2 3 -10 3 -9 -7 -3 4 9 -2 6 -4 0 5 -7 -10 9 -5 -2 -4 8 2 -4 5 2 -2 1 -9 -5 -7 9 -1 10 2 -2 4 -10 10 2 0
-5 -6 -9 -1 -1 9 6 -10 10 -6 4 0 2 -10 -7 -10 -1 -7 8 -1 -3 -10 10 -10 7 7 8 5 5 -7 2 5 -9 8 -4 -10 10 9 10 -8 1 4 -6 4 -4 -9 9 7 5 6 -4 5 -9 -4 -4 -4 -5 -3 8 10 -8 3 -1 5 -5 -2 -10 9 7 -4 -4 3 6 8 -6 6 -5 2 -6 -2 7 -7 -6 8 -4 -5 -9 9 -9 7 -1 -4 1 3 0 -2 5 -6 5 5 7 7 6 -2 1 -8 2 9 7 -1 4 -10 6 2 -7 -2 8 -6 2 -1 6 -6 4 -6 4 -7 -8 5 -9 -8 -7 10 -6 2 5 -3 5 9 4 10 5 -7 6 -2 -9 7 -8 8 -4 -4 -5 -1 3 -6 -6 -6 -2 10 2 6 -2 0 -10 6 -8 8 2 10 10 5 -7 -6 -8 -3 -4 -3 3 -10 10 9 2 10 2 -6 4 5 10 -2
9 -4 10 5 6 -6 4 8 0 -1 3 3 7 -5 6 10 4 1 10 -1 3 0 -9 8 7 -2 -8 -10 10 2 4 -4 -10 -2 7 -5 7 4 -4 -5 4 -1 -10 -8 -6 6 3 -1 3 6 2 -2 8 -2 10 1 -1 5 3 3 3 9 -6 9 -2 9 8 2 -4 9 -1 8 -1 -2 8 -2 1 4 10 3 -1 9 -4 9 -3 10 7 6 1 9 -3 3 -2 -3 -4 -6 6 -10 -7 9 3 -2 -8 -10 -3 -7 7 -5 -6 5 -1 7 1 10 1 -3 8 6 5 -4 -5 7 -6 -7 10 10 -6 -8 2 0 -1 3 5 1 8 3 8 1 1 7 -9 1 7 7 -8 7 7 -3 -4 2 -5 -3 4 3 -2 10 8 7 7 -10 1 -10 -2 2 10 -4 8 -3 -2 0 -3 9 5 -3 -6 8 7 6 -3 5 9 -1 -8 6 3 -3 -7
2 -2 -6 6 -5 1 -9 3 3 10 -6 6 9 7 -6 -4 -5 8 -1 5 8 8 6 -2 2 3 3 5 -2 2 -8 -8 10 7 7 -7 1 10 -5 3 9 6 -5 -10 5 -8 3 7 -4 -2 3 7 -7 -10 6 7 1 7 -3 -1 2 -6 -10 1 10 -5 10 -9 2 5 -9 8 3 10 -8 8 -7 1 -4 4 8 -6 3 1 -3 -1 3 -9 -7 -5 7 2 -7 7 -3 1 -5 0 -5 10 8 -7 4 -9 1 -3 -8 1 8 10 -9 9 1 1 2 -9 2 -2 -7 -10 -2 -4 -4 -1 -2 -6 -1 -7 9 -2 10 -9 5 9 5 -2 -4 -10 -5 -4 6 10 5 -2 3 4 6 4 9 10 3 -7 -1 -1 -3 -6 -6 -6 -1 -8 5 8 8 -2 -10 -4 5 8 -2 -2 -7 -6 -9 -4 10 7 -7 8 -8 -3 -2 -7 -8 -7 5 4
-6 -4 8 0 6 2 -8 9 2 7 10 -4 2 -3 -2 3 -6 4 10 2 0 -6 5 -4 5 10 9 6 -2 9 -3 -3 8 7 -2 6 -5 1 -1 2 8 4 3 6 -6 -8 1 -6 7 -8 2 2 -10 6 6 -7 -10 -4 -2 -2 9 -6 -9 4 -5 -10 -4 2 -10 1 -8 -1 -4 10 8 3 9 1 -2 -2 5 -6 -8 0 -6 0 1 3 8 -4 3 1 1 9 2 -8 -10 10 1 7 10 -10 -6 0 -7 -5 -6 -10 -9 2 -8 0 7 7 -5 7 -7 10 0 9 -7 -2 7 -4 -8 7 -1 0 -8 1 3 -2 7 8 0 -10 -7 8 -6 5 1 7 9 10 -10 -3 -3 4 -6 -7 -4 -9 0 3 0 -9 8 8 2 -9 -10 -1 3 -10 1 5 9 8 9 6 -6 9 5 3 10 4 -9 3 -9 6 3 1 -9 8 -5
-3 6 10 -3 -2 4 9 8 4 3 4 4 1 -8 -4 1 5 -10 -2 4 -7 10 -3 -7 -7 -4 4 -5 1 -5 1 -1 -7 -6 -1 2 8 5 -4 4 8 -5 -7 0 -9 6 10 8 -6 2 -6 -5 -8 0 8 -8 -2 6 9 8 -9 1 5 2 5 -4 6 -5 -9 -5 7 -8 3 4 -1 -1 2 3 -1 -10 5 -8 -8 1 -10 -8 -3 5 8 3 1 8 -9 -2 -6 5 3 10 -4 -7 10 6 -8 4 -4 9 5 -5 2 6 0 3 10 -4 -2 -7 10 5 -10 2 -3 -3 -4 -1 2 3 9 10 4 -10 -10 1 -5 -5 -6 -2 -9 9 -8 -1 9 -4 9 -8 -3 5 6 -9 -10 4 2 7 6 -10 -5 6 -6 9 -5 -1 -2 -6 5 1 4 -7 -8 -7 -2 -4 7 -9 -7 -5 -1 -6 6 6 -6 -8 -5 4 7 -1
3 -10 5 2 1 10 4 10 -4 -1 6 2 -9 1 1 -6 -2 4 1 -9 -3 -2 7 10 -3 -4 -2 6 0 8 0 6 -7 2 0 4 1 -3 7 -5 1 4 7 -3 4 8 1 -1 2 8 -7 -1 7 -6 9 5 6 5 3 -7 -10 1 0 2 10 -3 -8 -10 -8 -3 1 -5 -4 8 8 5 0 1 8 -3 4 9 3 8 -9 3 -9 -6 -8 -4 -10 -8 8 -1 4 10 -7 9 -8 -2 -2 -2 -8 -1 -10 8 -9 10 -9 -10 -3 -3 -8 5 3 10 -10 -1 -8 8 4 -9 8 -1 -8 5 0 7 -7 8 -4 -7 2 3 -10 -9 -4 -4 8 -3 -6 -1 5 0 8 -3 3 8 8 -9 9 9 4 -2 -6 8 5 -1 10 4 -7 -9 -4 7 -5 -4 -7 6 1 -10 5 -3 6 9 -9 -6 -5 8 -3 -7 -8 -2 2
8 2 0 -8 -4 6 2 -3 7 -9 -8 8 -9 6 7 3 -9 10 7 -5 6 -1 -8 -8 5 -1 -10 6 -6 -9 -5 -3 3 -10 -5 -7 1 7 0 6 -6 -5 -2 5 7 2 -9 10 -6 7 3 0 -8 2 -5 0 -9 8 8 -5 -4 -2 -3 6 9 -3 10 -6 8 -5 6 9 9 -2 -8 8 1 -10 -9 -9 6 10 -8 6 4 -1 -3 0 8 -10 0 -3 9 -6 8 -7 0 0 5 -5 3 0 -6 9 -2 -2 4 1 -7 5 -10 -10 3 9 -2 6 3 1 1 -5 7 -6 -6 2 1 2 -1 5 -7 -8 8 6 3 -2 -5 -2 0 8 -4 -6 -6 -5 -5 -9 -5 -3 -8 0 8 6 -9 -7 6 1 -3 -1 8 -2 -1 7 -8 7 8 3 8 1 3 5 -4 1 8 10 -7 3 6 4 -9 -7 -2 6 6 7
6 -10 -9 3 6 8 -2 0 -2 9 6 5 9 -6 -5 -10 -9 2 4 2 -9 4 8 3 5 -4 -7 -8 -3 8 -10 1 -3 5 -7 0 3 9 5 -9 -5 -6 -9 6 -7 5 1 4 6 -8 7 -6 2 -3 0 -1 -5 9 6 -10 7 4 7 -10 9 -3 6 -2 -5 -10 3 -5 -7 6 9 -8 2 4 -6 -4 0 4 -7 -1 5 -5 5 -7 9 3 -7 -2 7 -8 6 4 -6 -6 7 4 1 4 -6 0 -2 3 0 5 -5 -1 9 4 -4 -1 -10 -8 -8 -3 -10 -10 -9 6 7 -6 8 1 -6 -5 10 2 8 8 -6 -5 6 -2 10 6 -5 5 -5 -3 -8 -1 -6 10 1 1 4 -1 6 -5 -1 -7 8 0 6 10 -3 -2 1 -3 -1 -2 -8 3 -7 -1 -1 -9 2 -1 0 7 -5 2 5 -2 4 -4 -8
-5 2 8 4 8 -4 10 2 -5 -2 1 -7 -6 7 10 3 -6 -7 7 4 5 7 1 -5 10 -4 9 7 -8 10 -3 -5 0 5 -2 6 5 -6 -10 -5 9 -4 10 3 -8 -7 -4 9 -7 -6 -2 -9 -3 0 10 -10 -1 -3 -3 7 -10 5 -8 -1 -4 3 4 -2 -4 -8 -10 -6 -5 6 -2 -9 8 -7 7 -1 -7 0 -2 3 -4 4 -2 3 2 10 -4 -3 -3 0 8 0 1 1 -2 2 1 6 -1 10 8 -10 5 1 -6 -3 -4 9 -7 3 -8 -1 4 -2 -3 -10 6 -4 8 -1 -1 -1 7 5 8 1 0 1 7 9 5 -2 8 -4 8 6 5 10 8 4 -8 -5 -10 -10 -9 10 6 1 3 10 -6 -3 4 0 5 -2 3 0 6 9 -2 0 6 -8 -4 4 5 2 -10 -10 -4 -2 -3 10 3 10
-1 0 -8 1 4 -4 0 0 10 9 -4 -3 0 0 8 -3 -1 1 10 7 1 -3 10 7 2 -2 -5 9 -5 -9 8 0 5 -9 -2 -3 -7 1 -8 -9 5 10 2 -5 7 -5 5 0 -8 5 -8 -1 5 -7 9 -4 3 10 -9 -5 7 9 9 -3 7 6 5 9 -6 -3 9 1 -8 -1 -2 -5 10 -10 -10 -10 9 5 -10 5 -6 -7 -7 -9 8 2 9 6 1 9 4 4 5 1 4 -5 -7 3 -2 7 -7 5 -1 -10 -2 6 -4 -4 -3 3 -8 10 -4 -6 10 -6 -1 -8 6 -9 -8 5 10 -4 -3 10 4 5 -2 -9 7 0 -1 -8 -8 -5 6 -10 3 5 -9 2 -3 -1 9 -5 2 -1 0 -5 -7 -7 4 2 -10 8 -9 9 -4 3 0 -9 3 2 3 2 6 7 -10 -4 5 -7 -9 -4 9
6 -8 -6 1 -6 -9 1 8 -1 -4 -9 -3 5 -7 -4 -9 3 2 3 -4 5 3 -10 8 8 -7 0 -9 -3 -4 8 -10 7 5 -3 -10 4 9 3 4 -10 -2 7 10 8 3 -6 10 9 3 -4 10 -9 4 1 5 2 0 -10 -8 1 6 -8 6 5 9 7 8 -2 4 -10 -4 -9 4 4 10 9 -6 0 -2 -9 -7 -3 -4 -8 -9 0 8 -10 -4 1 10 -8 -6 3 4 1 9 -9 -7 3 -2 -3 -6 8 6 2 -3 3 6 4 -1 10 5 -10 0 -9 -7 -7 -1 4 1 1 -6 3 5 7 -5 7 -1 3 6 6 -6 4 -5 2 3 -9 -8 -7 0 5 -2 -1 -10 -3 1 -10 10 -9 0 -1 8 3 -8 3 8 5 10 3 9 10 -8 7 8 -2 1 4 5 5 7 10 -8 -8 6 8 1
10 -5 3 -3 -6 -7 9 -6 4 2 -2 9 -10 -4 -5 9 2 -4 -8 5 -2 7 -1 4 0 0 -1 0 10 -3 5 -5 6 9 -1 -9 9 -5 -5 8 2 -7 4 1 10 -5 -5 -5 0 -7 3 7 -3 -6 -4 10 10 0 9 9 0 -10 2 3 3 -10 -8 5 -7 -5 -3 2 -7 10 -3 4 -5 1 -4 -7 -7 -5 -4 3 -8 7 7 -4 -9 -2 -8 -8 -3 -2 -2 4 1 -1 10 -10 -10 3 6 7 1 -6 -5 5 2 -2 -2 6 2 -9 6 -8 -10 -3 -2 10 4 8 -2 4 -6 2 6 10 -8 -4 -3 -10 -7 7 -7 6 1 8 -2 1 8 5 -3 -7 -8 -4 -2 8 5 -8 8 10 1 -5 3 6 -7 -3 -1 4 5 -8 -3 6 5 3 4 -5 4 -3 3 -6 3 -9 -8 -3 -7
-8 7 0 5 -4 -6 4 -2 -3 7 -2 3 10 7 -5 5 4 8 9 2 1 -10 -8 2 8 -9 4 7 0 -6 1 2 1 10 0 7 10 2 -1 1 -7 -8 2 1 -1 6 10 -1 -8 4 2 3 10 -5 7 -8 5 -2 -3 -8 0 4 5 -6 6 -5 -1 8 8 10 -8 -3 -3 5 -7 -4 -6 1 2 9 7 5 7 -4 5 6 -6 4 2 1 4 4 -9 -3 10 8 7 -7 3 -5 -8 2 1 -2 -2 4 7 -2 -3 4 -8 -7 -5 -10 -2 2 2 0 -5 -7 6 -3 -4 9 -4 -10 -8 3 -7 10 2 -8 2 10 5 4 3 1 4 2 -8 5 4 -7 6 -5 8 4 5 -10 -4 6 -9 -4 10 -5 7 -6 3 4 -9 8 9 5 10 -8 -7 7 -9 2 10 0 1 -7 6 9
0 0 -4 3 6 8 6 -9 -4 0 -9 1 6 7 -8 3 5 7 -6 -4 -9 -3 9 -4 8 7 -5 8 -10 5 -3 5 -1 -6 9 -5 -9 -4 8 7 7 5 -6 -5 -1 -8 6 7 7 -10 -2 -2 -2 -7 3 -4 -7 7 -6 6 2 -1 6 4 7 -7 0 -8 2 10 -5 4 0 3 -6 6 10 7 6 3 -2 -2 -9 -6 5 4 9 3 10 6 -5 0 -10 9 -3 -5 9 -1 -3 7 -4 -6 8 -1 5 9 7 9 1 4 -4 10 8 5 -3 -6 3 -6 8 -3 4 9 -6 -7 -7 1 -3 -9 -4 3 10 1 7 -9 2 -1 6 10 10 -3 5 -1 9 0 6 -8 -1 -2 -6 -6 -4 -8 -4 5 4 3 -7 -3 6 0 -8 -6 6 6 10 -8 5 4 -1 2 -1 8 5 5 -8
-7 0 8 3 1 -6 -5 -9 3 9 -3 -4 2 2 1 0 -4 1 6 -5 7 -2 -4 9 -2 -9 1 -5 -3 1 -3 10 10 -5 7 8 0 10 -2 -5 -7 -1 -3 3 -5 2 0 -2 -1 -6 -5 9 -10 -3 -5 7 10 -1 -2 4 6 -3 8 6 -8 -5 4 -1 -7 -2 1 -6 5 -3 -7 6 -3 -6 -1 -1 4 -10 -9 4 9 -9 8 -4 6 -8 10 4 2 9 -8 -5 6 9 9 -3 -1 10 -9 8 -8 2 -10 -5 6 -4 6 1 -9 6 -8 0 5 -5 -7 4 -8 -6 2 -6 -9 0 -9 3 7 -3 -5 8 1 2 -4 9 8 7 -10 6 -6 10 7 0 3 -4 10 4 0 -10 -10 -7 -4 -8 -8 -2 -9 4 0 -4 -4 -9 8 4 5 4 -1 -2 6 -3 -3 -2 -8 3
3 3 -3 -5 5 -10 0 -8 2 4 -6 0 0 -3 -8 -2 4 1 -8 -7 -5 -8 0 -8 -7 8 -6 3 6 -1 2 1 5 -4 -3 -3 10 4 2 9 -6 9 0 -8 7 -7 -5 2 2 1 9 3 2 -10 5 9 3 -1 10 -3 -10 -2 -2 -7 10 -10 2 -1 2 7 -5 -6 8 1 -9 -8 9 5 -9 7 10 8 -8 -1 1 6 -6 8 3 -6 9 3 8 10 0 -8 -10 -8 -9 -8 -9 -8 1 -10 -8 7 0 3 1 -9 10 4 3 8 2 -4 -4 -5 -10 -4 7 -5 1 -1 3 8 9 -1 -9 -2 -6 0 -5 0 -6 -3 2 -1 -5 6 10 -9 -9 -9 5 3 -4 2 -5 -7 1 7 -8 1 -8 -3 10 3 7 6 4 -6 7 -6 0 -6 -10 -5 3 -2 0 -2 -3
-5 -6 4 4 -10 7 -3 9 -7 10 -7 8 -9 0 -8 -3 -1 -7 5 -10 6 8 -10 -7 -7 4 -9 9 8 0 -1 -3 3 -7 -5 -8 5 -6 5 5 6 7 -9 -1 0 1 4 -3 6 -3 4 -5 -4 6 4 -9 6 -7 -3 8 1 -5 -7 -7 -9 10 -3 3 -9 6 6 9 -8 5 -9 1 -2 4 7 4 -5 -5 -7 -6 6 -5 5 10 4 -3 -6 -6 5 10 2 -2 5 7 0 -1 10 3 3 8 8 -10 7 1 9 -6 -5 4 -4 10 -1 -5 10 -4 -8 0 8 0 10 -8 -9 9 -7 -2 -3 6 8 -9 -2 5 -10 -1 -5 1 1 9 3 -2 0 -6 4 1 8 -9 -5 2 -2 1 -9 -8 3 9 -3 5 9 -3 -10 -1 5 6 1 -3 -1 4 9 -3 7 8
10 -10 2 -4 -4 -1 9 8 -2 7 -5 -9 9 -3 2 2 3 -2 -1 5 3 9 -3 3 1 -1 -6 4 -9 -1 7 6 -6 9 -3 -9 -2 -3 -3 7 -8 -1 -3 7 4 -3 10 10 -2 10 -9 7 9 -7 3 -3 -1 -8 -9 9 9 10 -8 -5 -5 7 4 6 -1 -10 7 -3 7 -2 -7 -9 10 5 8 -9 -3 -3 9 5 -7 -1 -2 10 -1 8 -9 7 -6 7 -10 0 -7 1 10 -7 -10 -8 0 -10 -10 -10 -7 10 2 -8 8 1 6 4 1 10 -7 -2 -5 7 -3 -1 3 -8 6 10 -6 0 -5 -7 -6 8 -10 -6 1 -7 -7 -4 -6 -4 -6 1 -1 -5 -4 -7 -7 4 -1 -4 1 -3 -2 6 -3 -7 -1 -9 -4 2 5 -9 8 -5 7 -7 -2 3 -3 8 -9
-4 2 -4 7 2 9 -4 6 8 9 7 10 3 -1 -2 10 6 10 -1 -9 -7 -8 -1 2 -3 -1 1 -5 -9 6 2 -5 6 -10 10 0 -3 10 -7 -5 9 6 -2 -2 4 -3 -6 4 -1 -10 1 -1 6 4 -9 -4 -2 6 -2 -5 1 4 6 -1 -1 5 6 -2 -6 2 -4 6 5 4 -3 9 -7 -10 1 9 -5 1 0 -9 -9 -10 -7 -4 0 4 1 -8 -6 2 6 7 7 1 -10 -9 -3 -6 -10 -3 8 10 7 0 -6 2 0 -9 -6 3 -4 8 -2 -4 -5 10 0 5 7 4 -2 -1 2 3 0 -7 2 9 10 -3 4 -9 -2 -6 9 9 10 8 4 9 2 -10 10 -4 -1 5 -8 -3 2 -1 7 -8 5 -5 -1 -1 2 -6 4 7 10 -1 -7 9 -9 -6
2 1 1 10 6 -2 -2 2 5 6 -9 6 2 10 -10 9 -8 8 -2 1 -9 -4 5 1 -8 7 -6 2 8 6 4 -9 -8 6 2 -6 -8 0 1 0 -6 -2 10 -9 -1 10 0 -10 3 -7 -6 -9 2 9 -1 -6 -3 2 -5 1 -4 0 -4 -2 4 -9 -5 0 3 3 -9 -5 2 1 4 -3 6 4 -8 9 6 -2 9 5 -1 -5 0 -1 -8 -4 -5 -5 -7 3 3 9 -2 3 -2 8 6 -9 7 8 0 -6 0 -10 5 3 9 2 3 -1 -5 -1 6 5 -9 4 7 -10 -3 -6 -7 9 3 10 -1 -6 -4 -9 8 2 -5 6 3 -7 4 -10 3 -2 -2 9 -8 -4 -1 -3 -3 2 2 -6 -1 10 2 -6 -1 1 10 -7 5 6 -9 -9 9 3 -1 -4 -5
-10 0 1 -9 8 1 0 5 10 -9 0 -9 -6 -10 -2 3 7 2 -5 -6 -7 -2 8 8 7 6 -2 0 -6 1 -7 -10 -2 3 2 8 -7 2 -10 4 8 -6 7 1 2 -1 7 -3 -1 2 -5 10 7 10 -5 9 0 10 -7 -9 -4 6 10 1 -3 -3 -10 9 -4 1 9 5 -7 7 1 -3 0 10 3 5 -9 -4 -5 3 10 5 1 1 10 0 -10 1 4 -3 2 -1 10 -3 -8 -4 7 -3 -7 -7 -8 -9 -10 8 2 10 -9 10 3 7 8 6 2 -4 3 1 7 9 8 -9 -4 6 -7 -8 -4 6 9 -2 6 5 6 2 7 3 3 9 -4 8 -1 -6 -3 -5 7 -2 -7 -1 -10 -4 -9 6 6 -9 -5 -8 -4 -5 -4 0 6 -10 1 5 3 -4
1 -3 -3 -1 1 -7 2 -9 8 -4 1 8 -7 -10 -4 -6 0 0 -10 -4 -5 5 6 -6 -4 1 6 8 -3 9 -3 2 9 2 -6 6 10 6 6 -7 5 6 -8 9 -9 -7 -7 -1 -5 -4 8 -4 -3 -3 -10 2 6 -6 -6 -4 8 10 -2 -10 -2 4 -1 3 -2 -8 -10 2 2 -3 9 10 8 2 0 -8 -8 7 -4 -7 0 -6 4 10 6 -4 -4 0 4 -5 6 -6 -1 -9 -8 -10 10 -2 5 9 1 -5 7 -7 -7 -1 -2 5 10 -9 -3 1 0 8 -8 6 -2 8 2 10 5 10 2 7 2 -3 -4 -1 9 5 5 6 5 2 -10 -6 2 -8 1 10 8 -1 -1 1 -4 -10 -1 -4 10 -3 9 -4 0 -5 3 1 -3 -7 -9 -6 -5 -10 4
-7 2 10 10 5 3 -9 -4 -1 -7 -10 -2 9 -7 -4 3 5 2 3 8 5 3 5 9 -5 10 4 8 2 3 0 8 8 3 -3 10 -6 2 -5 10 2 6 -6 -9 10 10 6 0 6 -1 -6 -4 -2 -10 0 1 -3 -10 6 10 7 -2 3 3 -7 -8 1 8 -4 5 7 -10 -2 5 -5 -8 -10 -6 -9 -4 -7 -10 -8 8 -8 3 -5 -2 -6 -3 5 -9 3 10 -8 -10 -8 -10 1 9 0 2 4 -5 6 -5 3 1 8 -8 -2 4 2 -7 -10 3 9 8 10 -10 3 4 -2 10 -8 -8 -2 2 5 1 -6 -2 2 7 -1 8 -6 4 -7 7 10 -4 -8 0 -7 0 2 7 -1 -3 -7 -10 4 -1 3 -10 -9 -7 7 -4 4 -7 3 -2 -10 -2
0 2 -5 10 7 -2 -5 -8 10 -10 8 2 10 8 -2 -8 0 2 6 4 -8 3 0 8 -9 -6 6 7 -3 0 -7 3 6 1 1 -8 8 -10 2 -2 5 -9 6 -1 -4 6 8 -5 9 -2 -1 9 -10 4 7 3 6 -5 9 0 6 5 2 -3 6 -8 8 6 -10 -9 -3 -7 1 -8 -4 -9 -4 -1 1 6 -4 10 2 -10 8 -7 6 -6 1 -1 2 -2 -9 4 3 -9 -7 3 7 4 8 6 -5 8 -6 -2 10 1 10 10 -10 6 -10 -10 10 -4 10 -10 -7 -9 10 10 -1 8 -9 -5 1 7 -9 -5 -6 9 -6 9 -2 3 7 -2 -1 5 6 -3 -5 5 -5 7 -10 3 -4 6 3 2 1 -6 -8 -10 6 -9 10 -7 8 -8 -3 -1 2
-4 -4 -9 -5 3 4 7 3 7 -8 -10 -9 -8 -6 2 -6 4 3 -10 8 -10 6 -6 7 -8 -1 7 9 -7 9 -3 -7 4 6 -7 -10 5 -3 -5 2 -3 -2 -2 2 5 -7 -5 -5 -3 -7 -4 0 -3 -5 -10 6 7 -6 0 -1 -8 -3 3 8 0 -10 -9 4 1 -4 7 -1 2 -8 2 4 1 -3 -2 4 9 1 5 -9 6 5 -2 -6 -10 -9 7 -5 -2 10 7 0 6 4 2 7 7 1 8 6 10 6 5 6 5 8 3 -9 10 -6 -5 6 5 -4 -4 7 2 1 -5 7 3 -9 -4 3 -7 -2 -2 1 10 1 10 9 7 8 -2 -3 7 7 -1 -1 0 3 -9 9 -1 1 0 -6 -5 1 -1 -1 0 10 7 -2 -7 4 -1 -3
3 6 0 -10 9 -1 -8 0 10 9 9 4 -9 9 -4 -1 0 -7 5 -6 4 2 0 -2 6 0 5 -4 -6 -8 -7 9 7 -7 6 -10 -3 -8 4 -6 -4 1 3 -3 -7 -8 -9 -6 7 -3 -3 6 -8 -2 -6 6 -3 -5 -8 -1 6 -2 2 -6 9 1 9 5 10 -3 -8 5 7 -1 -4 4 0 -2 1 5 -4 -8 10 -1 10 -1 2 -1 -4 -9 0 3 -6 10 0 -6 -10 -2 -1 6 -1 5 -6 -5 4 -3 -3 -8 -3 -5 3 4 -2 -2 5 -1 -6 -5 3 8 6 -10 0 1 1 -2 -1 -4 -9 1 1 3 -7 7 10 2 6 1 8 5 -6 5 0 -4 -7 -2 6 -5 -5 0 -8 1 2 4 -3 4 3 -5 -3 3 10 -9 -6
-3 6 1 6 -7 3 -7 6 -10 2 -1 -4 8 8 -1 -8 7 6 -8 7 1 -10 9 10 4 -5 -9 -10 4 -2 -8 5 -4 4 10 -3 3 -10 10 -4 -7 1 7 7 -1 -10 9 8 -9 -5 1 8 -4 -5 -10 -6 1 1 -6 -10 -4 -2 -2 4 -5 -6 6 8 -5 -2 0 -7 9 -5 6 -1 0 5 -4 7 -3 4 4 -7 -3 -8 3 -1 0 1 3 -4 10 6 7 -9 6 -1 5 -1 5 -6 3 5 4 5 10 2 10 -6 1 -10 -3 -4 8 -9 7 0 -9 9 -9 9 -7 6 4 0 8 -5 4 4 5 -8 -8 -7 -7 -2 -4 10 5 -9 1 7 2 -1 -7 8 -7 10 -9 -9 -1 8 -7 6 0 -3 7 -1 5 3 -1 0
3 -8 -8 7 -9 -4 -4 -6 0 -10 0 6 1 0 4 9 7 -10 4 -10 1 6 6 -5 9 3 4 5 -3 -4 0 -5 -9 9 2 -3 1 -1 0 -5 -3 -4 -6 5 -10 -8 7 -10 -1 -3 -4 -5 4 7 -8 -3 8 -7 9 -8 -2 -5 6 -7 -10 -8 5 1 2 10 10 -9 -9 -6 0 -6 1 10 -8 9 -5 7 9 -4 1 3 6 -2 2 4 2 6 0 9 -9 2 9 10 10 -4 -2 -2 1 8 5 -5 8 -3 -1 2 10 8 10 -10 1 -8 -4 -8 -5 2 -6 8 2 -9 9 10 1 1 -8 2 -3 9 -3 -6 -6 8 6 5 -1 -4 4 8 -7 -8 -7 -8 8 5 -9 -4 10 -1 9 1 0 -2 -8 -3 -1 1 7
9 0 -8 -3 -5 6 5 -2 -7 1 2 -9 0 -7 -5 6 -4 -8 1 5 4 -2 10 -4 6 4 8 3 -3 0 8 8 6 -6 -10 -8 3 5 1 3 8 -6 -3 -4 -3 8 -2 -4 -4 4 -3 0 9 5 4 3 -6 6 -10 -10 8 -4 0 8 9 -9 3 3 9 -9 -10 5 0 0 0 8 -9 10 7 3 10 -8 -9 0 2 -7 -9 3 6 -6 -4 0 -4 3 1 -8 0 9 -6 -1 5 -8 -9 7 -7 -6 8 -5 7 0 10 -10 -4 5 6 -6 1 10 -3 -1 -2 8 10 5 6 -10 0 9 -2 6 -3 7 6 7 10 -10 7 6 -7 1 1 5 -2 -8 7 6 -2 -4 -9 -3 3 -8 4 0 -4 -7 -6 9 8 1
-9 3 6 5 -2 4 0 -7 5 -3 -3 3 -4 -4 6 -4 -2 -4 0 -1 3 -3 -7 4 -3 3 5 1 -1 1 5 -2 -10 -1 2 8 8 2 2 9 8 -5 1 -9 -4 -8 -6 -10 7 10 8 -1 1 3 9 -7 5 -9 0 9 3 9 -8 1 -2 6 1 2 -9 -7 -1 -1 -3 -10 6 -9 9 -6 -10 10 1 -8 -1 -9 6 2 5 9 6 -8 -10 7 -9 -10 2 2 7 -3 -9 -3 -6 -5 3 2 3 -7 10 4 3 3 -3 -6 4 1 4 -2 5 8 2 9 1 -9 -10 -1 -10 5 -1 5 -7 7 10 2 5 1 4 0 9 -8 -1 -4 0 3 9 -9 3 4 -7 -8 9 5 8 -9 -7 7 -6 -2 -8 9 -9
10 9 -10 2 1 -4 -8 -6 -8 5 6 8 5 2 -8 6 8 8 -1 -8 -10 1 3 4 1 -4 7 6 -7 -1 8 -4 5 -3 -5 0 8 9 1 6 -2 -9 0 8 5 -5 2 8 4 4 -5 5 -9 -7 -10 8 -1 -8 -8 -2 -7 -5 -5 8 6 -7 6 -1 7 6 10 9 1 -3 -7 -7 -7 8 6 -6 1 -6 9 5 -7 -7 -3 -6 7 -9 3 -4 -6 8 10 -7 7 -8 8 4 -6 10 -5 -7 1 -7 8 -9 -8 -6 9 4 -5 -5 0 0 -6 10 -3 -4 1 5 -4 0 -5 -3 -10 1 3 6 6 -8 2 -1 -1 -10 -8 -4 -8 6 -6 -3 1 4 9 -6 2 -4 -3 -7 10 -5 -7 8 -9 5 -8 1
7 -5 -3 7 -2 -8 2 6 0 -3 3 -4 -8 -10 7 -7 8 -5 -9 -9 -7 -3 -3 -3 2 1 -10 7 -9 -10 -3 -7 -9 -7 -2 -6 3 10 1 -1 -5 -5 5 3 9 6 2 9 0 -2 -6 -7 8 9 -9 2 5 9 5 -2 4 -4 -1 -1 -2 2 -3 -9 0 -2 -6 -1 -9 -1 10 -5 -4 -6 0 4 -2 -2 3 -9 -5 3 10 4 -9 1 10 8 10 -3 3 -8 -3 -1 -5 3 5 -2 -10 9 -7 -2 3 0 -1 -10 -1 8 -7 3 8 -2 -10 9 -5 3 -3 7 -2 6 1 -8 1 -9 10 -7 -8 0 0 -5 -4 -4 -2 4 1 3 -3 6 -1 -3 -10 -1 8 5 10 -5 -2 -2 6 3 -5 -10 -6
3 7 0 -1 6 5 7 3 -10 4 0 -8 6 1 -2 4 -1 1 -7 -10 4 -6 8 1 5 -5 10 0 4 -7 4 -4 1 0 -8 4 4 -9 -3 -7 -10 -8 2 10 -1 2 -10 9 -9 6 -2 3 -1 -5 -6 -4 -9 7 2 7 -5 -2 -7 9 -4 9 -8 4 5 4 4 7 7 4 -1 6 -3 -6 4 2 8 10 5 -6 1 -7 9 8 -8 7 4 -8 -5 -6 -10 -4 7 -7 0 -7 5 5 -5 8 0 -4 -4 -3 3 -2 10 -10 6 7 -6 -5 10 3 0 -9 9 -4 -5 3 8 7 2 9 -6 10 -2 9 1 9 -3 5 7 0 -6 5 7 1 -1 -2 -10 -5 10 -1 -8 5 -10 -8 9 0 7 -4
8 -10 -8 -9 9 10 -3 6 -8 0 9 1 3 -9 -10 7 1 1 -9 -2 -7 -3 -2 8 -6 3 -6 2 7 7 6 3 10 -10 6 -5 2 6 6 -6 -1 8 7 -10 3 -8 -1 3 6 -10 3 -5 10 -8 -8 7 2 4 6 3 -5 7 0 -9 1 0 9 -2 -9 -10 5 -8 -10 5 -3 -2 -10 4 -7 3 -2 0 5 -10 10 -6 7 5 4 2 10 9 0 -3 -7 -1 9 -1 9 3 -10 -3 -3 -4 0 7 -10 3 4 7 0 4 -8 -10 -6 -1 -4 6 10 0 0 2 6 5 2 7 7 7 -8 -9 -4 -6 5 3 -7 0 -4 -2 -10 -4 4 1 6 0 1 -9 -8 8 -6 3 4 7 6 1 -1
3 2 9 -8 0 -5 9 -4 0 -6 5 -8 7 6 7 -4 -7 1 0 4 -10 2 -9 -9 2 -2 7 -10 9 4 3 6 3 -10 -3 1 -3 3 -9 -6 7 -10 -7 0 -6 8 9 7 -4 6 -3 -6 -7 8 9 7 8 -1 9 -6 9 -2 10 10 3 -8 10 -5 2 2 -10 -9 -10 3 2 -3 5 2 0 -1 -9 -8 -8 -7 -9 3 -2 -4 -10 -3 7 -6 -6 4 -8 -3 3 7 8 2 -2 -7 6 -7 -1 -9 -1 9 9 -7 -7 -3 -10 1 8 1 -2 -3 -5 7 -2 6 -8 0 -2 4 -7 -1 6 9 -10 4 0 5 2 -2 1 -6 0 5 -10 7 -3 -7 -2 3 -9 -10 10 9 0 -9 -5 -7
5 -3 4 6 0 3 1 -9 -5 10 -1 -3 -1 -5 -2 0 7 -1 10 0 9 -10 1 3 -3 -4 -1 -7 -1 8 -4 10 7 6 8 5 10 -6 -5 -4 1 -4 -9 7 -8 1 -9 3 -8 4 5 -2 4 -7 9 7 -2 -1 6 10 2 5 2 8 -2 -10 9 5 -2 10 -5 9 -10 -2 0 9 7 -7 4 -1 6 6 5 -4 -8 -2 0 1 -7 8 -5 -10 0 6 7 -1 -5 0 10 -3 5 10 1 -1 -2 5 -5 -10 -7 -4 7 -8 5 -3 8 1 7 1 9 0 9 -6 -2 -10 -4 0 0 -1 -4 -5 -2 8 -5 2 -8 2 -5 5 -5 7 -8 7 8 -6 2 -2 -9 8 -6 -2 2 -8 -4
-2 -1 -1 9 -1 8 4 -3 -3 -5 3 -5 5 -6 5 -8 6 -6 -2 5 1 -8 4 8 -2 -4 1 -3 10 -2 -9 -3 1 -5 4 -9 -5 3 6 -2 -10 7 6 3 4 5 -6 -3 9 8 -2 6 2 -6 2 3 -2 10 8 -10 0 10 -6 -3 -6 9 -1 8 8 -3 -5 8 -6 4 -5 -10 -7 -1 -8 -2 6 -6 -5 -9 3 -8 -5 -4 3 3 9 -9 8 -10 5 1 -7 1 9 8 10 7 7 10 9 8 1 -9 -5 9 -10 8 6 3 -7 8 2 -2 4 -7 2 -1 -8 9 -1 -9 -3 4 7 -10 9 -4 2 8 -2 10 2 -7 -6 0 10 3 3 1 6 -4 5 0 -7 8 -10 -3
-1 -1 -4 -5 0 -5 -10 5 -4 3 9 3 -8 2 -10 5 3 -2 -10 10 -5 7 -5 -6 -10 -7 0 5 -2 9 -8 5 8 -7 7 5 -6 0 -9 -9 -6 0 -7 1 1 2 -6 6 1 4 -5 7 1 -9 -5 -7 7 -9 8 3 6 -8 -9 9 -5 -2 -5 1 -4 -6 4 -3 5 10 1 9 -6 -3 -3 6 4 -10 6 4 -5 5 -6 -10 -8 -6 5 -1 9 4 0 2 2 2 8 10 -2 4 6 -8 8 -1 3 -1 -9 2 5 -3 -3 7 3 -2 -3 -8 5 -2 -2 1 1 -7 2 10 7 -9 -3 6 -8 -9 -6 -4 7 -10 -6 5 7 -10 3 -8 -8 10 4 3 -9 -7 2 -8 7
-2 1 3 5 -9 -10 -10 8 -4 -2 -7 -5 -2 3 7 8 -7 -2 10 -3 -5 -2 2 0 -10 -2 -9 7 -3 -6 -8 -2 8 2 -4 -4 10 1 -6 2 3 -10 -8 4 5 -2 -7 8 -6 5 -4 -9 -5 9 6 -2 0 7 0 -7 0 5 -7 4 -1 -4 8 -4 -9 3 8 4 -2 5 6 -7 -10 5 7 -9 -9 9 -8 -6 6 9 -9 9 6 -10 1 -1 5 -7 -1 1 3 10 -4 -1 3 -1 -2 -9 -4 -5 2 -7 3 7 -8 6 -10 -1 3 5 2 -1 -8 -6 10 8 3 10 8 -4 2 -8 8 -7 6 2 -1 -7 10 2 -4 3 -6 3 4 -6 4 7 -7 5 -6 -4 -9 7
2 4 -9 8 9 -4 -2 -7 -2 -9 4 7 0 6 1 9 -10 -7 -7 -9 -1 0 -10 9 -8 0 -5 -2 -4 7 -9 8 -6 -6 -1 1 -3 0 3 -3 -10 2 8 -4 0 9 -2 1 -1 -3 -8 0 7 -8 10 -10 -3 8 5 -3 -3 1 3 4 -8 6 -2 6 3 1 0 1 0 -9 1 1 4 4 7 7 8 8 1 4 1 -7 7 -7 -2 6 -2 6 -1 -9 -7 -2 -3 -5 4 7 -8 9 -3 -6 -9 0 5 0 -7 8 10 10 7 2 7 8 10 -7 -10 8 -4 4 4 0 -1 5 -10 -2 7 -1 6 -6 -1 -9 -10 -3 -5 3 -6 -7 8 7 -1 10 5 -1 6 9 7
6 -4 5 1 -8 -8 -10 -8 -1 -1 -2 -1 -10 -8 -4 3 -1 1 2 -5 10 1 -5 0 10 -1 9 -6 -5 -1 -10 -1 3 -2 -3 2 -8 -9 5 4 -7 5 -4 7 4 -5 -5 7 -7 -8 -7 -10 -6 2 10 -6 10 4 -8 9 9 7 9 -8 6 3 6 9 0 10 2 7 -8 7 8 0 7 3 0 8 -1 3 -10 -4 0 -2 -8 -8 -3 8 4 -7 9 -6 -1 9 8 -2 9 -3 -3 -5 6 7 -8 -8 1 -3 7 -3 4 -6 -4 4 7 10 -3 -3 -5 8 -3 5 9 4 -3 -2 6 -9 10 -9 5 0 9 2 -6 6 9 2 -2 4 4 10 -4 4 -2 5 -5 7
5 9 -8 0 -1 2 10 9 -9 -8 -1 5 -1 6 -9 -2 2 -6 7 -7 -2 3 -8 4 9 -6 -3 -2 -8 -7 -3 5 -5 -10 2 5 0 9 -9 3 6 2 -3 10 3 3 -3 -2 0 -7 6 5 4 1 0 10 5 10 -9 7 -5 -5 -10 -5 -3 9 -7 -1 0 1 -8 -4 -5 -7 0 -9 5 9 3 -8 -2 -2 3 -1 -2 7 -3 4 3 3 10 0 -6 2 -10 4 -5 -1 4 -3 3 5 -1 0 3 4 2 7 -7 -4 -1 1 -2 -7 -1 10 5 -7 9 2 -9 10 10 8 -3 -7 -10 -3 -7 -5 2 7 2 7 -4 0 9 -5 -7 2 -2 -5 10 -10 8 3 7
-6 3 -2 6 -5 0 3 7 5 2 -10 2 -5 -7 9 5 -10 -8 -3 9 4 -10 7 -5 -2 7 -8 8 6 -9 4 7 -2 8 3 7 2 -9 -5 -7 -5 10 7 -8 -1 -2 0 2 -3 9 -9 1 -5 1 8 -6 10 10 -2 9 0 -6 -9 -7 -5 -5 1 2 -6 8 9 1 9 6 8 -8 7 4 9 0 -10 -3 -1 -10 6 1 5 10 9 -9 -9 3 7 8 3 -1 -8 4 1 2 -1 -6 -7 3 -9 -3 6 7 -9 8 3 -2 4 -10 -4 9 -2 -8 2 -4 -3 0 4 -9 1 10 5 -3 -10 1 1 -2 -10 1 -10 4 2 -3 -5 6 3 1 3 -2 0 -10
-1 7 8 5 -5 9 -6 4 8 -8 0 6 -2 2 -9 7 9 6 3 -5 -4 8 8 1 -10 -10 -9 5 8 8 -8 9 -8 10 -8 -1 -2 6 -3 -4 -5 -10 8 1 -2 10 1 5 1 -3 -7 -9 10 -3 3 -10 1 1 2 0 8 -9 1 7 0 6 5 10 6 4 -10 7 -1 9 9 -4 8 -4 8 7 -2 3 -3 -5 10 6 0 9 -10 -6 -1 -8 1 -3 3 -4 -7 -5 7 9 -7 -1 3 -5 0 8 -3 -3 5 0 -1 5 -8 -7 -8 6 -7 8 -10 6 6 5 6 -9 -8 -1 8 -8 -5 5 -8 -10 -1 -10 -5 9 2 -5 5 8 2 -4 7 4 0
3 -6 -3 -4 0 10 2 4 5 8 7 3 9 -4 4 -9 3 3 -6 6 -10 5 -6 -2 5 4 6 9 -2 8 0 5 -4 9 10 7 -8 -4 -10 -1 4 7 4 10 2 6 0 -4 -1 -9 -9 0 -2 -10 -9 2 -6 -9 -9 -9 -6 3 0 4 -2 -2 5 5 10 8 0 -3 -3 -10 0 10 -4 -10 -8 -1 -3 0 9 -6 8 5 -8 4 1 7 -5 1 6 -9 -4 10 -9 3 -1 -4 7 -9 7 2 2 3 -3 -2 -2 -7 10 3 -1 -1 6 -10 8 -9 -5 -3 -4 -1 0 3 -5 10 4 -9 9 -5 10 2 7 10 -1 -3 -8 -3 -9 3 -2 0 10 -10
2 6 10 -9 3 10 -3 -7 -2 0 5 4 -6 0 8 -7 -6 5 1 6 8 -9 7 3 -3 7 1 2 -1 0 1 10 10 6 4 -4 6 10 7 -2 -1 -10 -10 5 9 1 -9 2 -5 8 2 -5 9 6 -1 -4 6 2 -10 6 0 -10 7 -3 -3 -1 -7 -8 1 -9 1 6 -10 -9 -10 3 -10 3 5 -8 -3 -4 -1 -5 -8 10 -10 6 1 2 -10 -7 -8 6 -10 -8 -4 6 -1 9 0 5 -6 -8 -10 4 7 3 5 -9 -2 4 -1 -7 -3 3 10 -9 1 -8 1 6 9 0 5 -1 4 -5 6 -8 -10 9 -5 7 2 1 -10 9 10 7 -3 -6 0
7 2 3 5 -6 5 -10 2 -5 3 1 -1 -1 -8 -5 -7 2 -4 6 -1 7 10 4 4 5 8 9 -1 -9 -2 9 0 2 0 -3 -9 -7 5 -10 -1 7 -7 -2 -3 4 -5 4 -1 0 -3 6 1 -6 4 -8 -6 10 3 -7 -2 -10 -3 8 -9 7 -2 10 -7 5 3 -1 1 -1 -6 3 9 4 -1 5 -5 5 4 8 -5 5 8 -5 -9 -5 -6 1 1 -6 -3 8 3 -5 5 0 -1 0 7 -2 9 7 -5 10 -5 -1 5 9 -1 10 7 -1 4 1 2 -1 -6 0 3 -3 -8 -7 7 -8 -4 7 7 1 10 3 1 1 1 5 6 -7 1 3 5
10 -4 -9 5 3 5 9 8 10 4 -8 -1 7 3 -5 -4 1 -3 8 1 -2 -2 -5 1 4 10 -1 -2 -7 4 -10 4 -8 -3 -10 5 0 -8 -9 5 -7 -3 8 5 -1 -6 -10 -7 2 10 -6 9 6 -2 -7 -2 5 10 5 0 2 4 7 -10 2 9 -6 -1 4 -7 1 -7 -9 4 7 -9 -6 10 10 7 -1 10 -6 0 -10 3 -1 -1 6 2 10 2 3 -3 6 8 -3 6 2 5 -5 -9 -8 9 2 -4 -9 -6 10 -5 9 -10 7 -8 9 -1 8 3 8 -4 3 -8 -10 8 9 -1 -8 -1 6 -9 8 5 -6 6 2 2 -6 8 -7 -3 2
4 1 -7 -7 1 10 -6 -3 5 8 -8 2 1 0 2 0 0 2 -3 -5 6 -9 5 -6 2 -3 1 8 -9 -8 9 -4 -1 6 10 -8 9 -1 8 -9 -1 -1 4 -7 2 9 -8 -1 -3 1 0 -4 -2 -8 2 9 1 6 -5 0 3 -10 2 4 -9 -2 -3 -10 -10 8 9 -7 -3 3 -6 -6 -6 7 3 6 9 -4 -10 10 -5 -10 9 6 3 10 7 -6 -5 1 -7 -4 7 -1 7 -2 -3 -4 0 7 8 2 10 5 9 4 0 1 5 8 10 10 -2 3 6 8 -4 10 -6 7 10 4 0 1 -4 3 9 6 6 1 2 10 4 1 -4 -4
-8 3 -9 -4 4 -1 2 -6 2 8 5 8 6 0 8 4 3 -4 8 -7 7 0 10 -9 -7 3 5 0 -5 -3 2 -7 -2 9 6 8 -2 -7 3 -4 2 1 -1 9 5 6 -8 9 -3 0 3 2 -2 7 6 -4 -4 -6 10 9 8 -6 -1 -5 9 10 9 -10 0 -4 -9 -8 -5 -6 10 -10 3 -2 -2 -10 -7 1 10 7 -1 7 -3 6 8 8 4 -3 5 4 -6 -3 -10 -10 -2 -8 -6 -7 0 -2 2 -7 1 -5 8 0 0 -7 6 -6 -3 -5 1 -9 6 -5 10 5 -1 -3 -9 1 -2 10 2 -4 -10 -4 -10 0 4 -5 -2 0 -5
-6 -2 6 2 -10 -2 9 -4 8 1 0 -7 1 -6 9 6 0 8 4 -9 3 7 -7 -4 0 9 -1 -10 -6 6 -6 9 -1 1 7 2 -8 -5 3 -5 10 -7 -2 3 -2 1 -8 -4 6 -6 10 -9 -9 -6 -9 -10 -3 5 -5 9 -6 6 -6 -6 -1 10 -7 0 6 0 -3 -7 6 5 -9 3 -1 0 6 1 8 -9 8 -6 6 -7 9 -9 3 8 -6 6 -4 -1 -4 2 3 -2 0 -1 -7 -9 7 -4 0 1 7 9 6 -4 4 5 -9 -3 6 9 -4 -10 6 8 9 5 -2 -1 -8 6 5 -10 9 0 -2 -10 -5 -7 6 -10 0 -5
10 7 -9 -5 -9 9 0 0 1 -9 -10 4 0 2 8 -8 -9 -4 -3 -5 1 4 -9 -5 4 -2 3 -9 5 6 0 2 -2 8 -8 3 -4 3 5 10 8 2 -6 6 -10 -8 -1 -6 9 7 -5 -1 -5 -6 -8 -9 -4 -7 4 8 3 -4 -6 -8 -1 -3 -2 2 0 10 0 -4 1 -6 -10 -7 -10 0 -3 -4 6 1 -8 -6 -1 -5 6 9 3 3 6 10 4 -5 5 -3 3 10 2 1 6 -2 -6 -5 5 0 5 10 -4 7 -1 -3 2 0 7 -3 -4 7 -10 -6 -8 -10 8 5 -3 8 -8 -2 -2 5 -9 6 -1 9 10 9 9
8 -4 -2 9 -2 10 -9 7 -4 -2 -3 0 -2 3 -8 -6 4 5 4 -9 5 -7 1 9 5 -6 2 10 4 9 8 5 5 5 8 6 -9 -9 1 4 4 9 -3 -3 -2 1 9 -8 -7 7 -2 2 10 -1 -4 -4 -9 -9 -6 -3 -10 -9 -7 3 -4 -3 -9 -7 7 -9 -8 7 1 -6 9 9 2 10 -7 10 2 -8 -4 -5 2 7 -8 -5 0 6 -6 -7 -8 7 -10 -10 -2 5 -9 -5 7 0 -3 -4 -8 -7 -4 2 10 2 4 -1 -4 -9 10 4 -7 5 2 -2 8 3 1 -9 7 -9 -5 5 5 -5 7 1 -7 -8 -2 -2
5 -10 1 -6 -10 1 -7 -2 10 5 5 6 4 -6 8 4 3 7 -8 7 -8 4 0 -10 7 -9 -3 5 10 8 -1 8 1 -4 -4 -7 5 -2 6 5 5 3 10 1 9 9 5 -10 3 4 -10 6 6 -6 -4 -7 8 7 -8 -6 -6 -3 -9 -5 10 10 0 -9 -7 -8 -8 0 -7 -9 4 -5 4 4 -5 10 -8 3 -6 7 -4 5 -5 -8 5 -6 -5 10 -7 -10 -2 7 -10 6 5 -7 1 4 -7 -6 7 7 8 9 -6 9 -9 -7 -8 -9 -7 -5 -5 -10 -2 9 10 10 8 -5 9 -2 -8 -1 -8 -2 0 -10 1 9 6
-6 7 10 -5 7 -7 3 10 10 -8 -9 2 -6 2 -6 6 9 2 10 -3 7 2 -5 -4 8 9 8 1 7 -1 -1 -3 4 -1 9 -9 -7 -7 -7 0 4 9 -3 -8 -4 -3 6 0 8 -4 2 -6 6 -8 2 -1 5 9 -5 9 6 1 -5 8 -5 0 1 -7 5 -7 2 4 4 -2 -8 8 -9 -10 -5 -6 -2 -3 -8 -5 2 7 -9 2 3 -10 -9 -10 3 4 0 0 -8 -3 -8 2 10 2 -10 5 3 -10 10 -1 -9 -8 10 -4 8 7 1 2 -6 -9 -2 -1 6 9 -6 -4 -2 10 -8 2 7 -6 -10 9 -10 8
2 4 5 -8 -7 1 4 -10 -3 -5 10 -6 -1 4 -8 9 -6 -8 1 -4 -3 6 3 -8 7 -5 -1 -10 7 -7 5 8 10 -5 10 -5 6 -3 7 -2 7 -8 1 10 4 -7 4 5 -1 10 2 6 -9 -1 -6 -8 10 5 4 -1 8 6 -8 -6 -2 -3 -8 -1 6 -9 -10 -7 -8 4 -8 -1 -4 -4 -2 -5 -5 7 -5 -1 2 6 -6 -9 10 10 -10 8 3 -10 -10 -4 5 2 -4 4 7 -8 2 1 1 -1 -2 2 8 5 -7 -8 7 8 -10 2 7 9 -5 1 6 -4 -7 -5 -5 9 -3 -2 -8 1 0 2 -6
5 -3 -7 8 2 4 -3 4 1 -9 3 -2 1 -2 0 6 5 -9 8 2 5 5 -2 4 -6 -9 3 1 1 10 -3 10 -6 -7 2 5 -3 9 -5 4 7 -6 7 4 -6 -7 -10 1 4 -4 0 10 5 6 8 8 -4 -9 -3 -9 9 1 4 2 4 -1 6 6 7 6 -2 5 0 4 8 -6 -3 -1 -5 -1 -4 3 8 -4 4 10 -2 6 -4 -5 -10 -3 1 -2 9 -1 5 7 -6 1 -9 -1 3 9 2 -6 10 6 5 -10 5 8 7 -10 -7 -8 0 -1 5 0 -8 -4 -2 0 -5 9 7 -3 -9 -5 4 -5
-10 -1 -10 -3 1 5 8 6 -3 7 -8 -9 -2 1 -2 5 -8 4 -1 10 1 7 10 0 0 1 10 -10 -9 10 -10 1 1 2 -10 7 -4 0 10 4 -6 -10 -9 -2 10 -10 5 9 2 -4 6 -4 -2 -1 -7 -1 5 -9 -7 -2 8 7 -2 -2 9 -10 2 -3 -8 -5 -8 -8 0 3 -4 -4 -10 -10 10 -3 -6 0 0 -10 -10 4 -1 -5 -10 -9 8 0 -4 -10 -3 9 -9 -4 5 -1 -5 8 -7 8 2 -3 -5 -1 2 -1 9 1 -10 3 4 4 1 4 2 -6 6 3 -9 3 -10 8 -7 8 -6 2 -8
3 6 10 -7 -10 3 4 5 7 5 3 7 -7 9 6 8 9 6 -4 -10 7 8 -6 1 9 -10 -8 -2 -6 3 7 -3 -5 7 0 -8 4 4 -9 2 -10 7 -6 4 4 8 6 0 -7 -1 -4 4 9 -3 4 -2 -10 -4 5 1 -7 -4 -1 -3 10 -2 7 4 -10 5 -1 3 7 -3 -3 0 -2 4 10 1 -10 -8 -6 -2 10 -4 -5 6 7 6 -7 7 3 1 -8 -5 -8 -3 -10 -3 6 -5 6 3 -10 -10 -5 -9 4 6 1 5 -5 -2 -2 7 -4 10 1 9 3 6 5 -9 7 -5 -4 -9 6 3
6 3 5 2 4 -10 -2 10 -3 0 2 5 -8 -5 9 -5 -8 1 4 -4 3 6 -7 0 10 -3 4 3 5 7 0 6 6 -6 9 9 8 -8 3 -9 -8 -1 -10 7 3 -1 -6 3 -10 -4 5 0 5 -4 10 1 -4 6 7 4 3 10 3 -4 4 -1 -2 5 -3 6 -8 4 -10 -4 4 3 2 -9 5 -3 -7 -8 0 -7 3 6 -10 -2 0 2 -4 2 -10 -10 -2 -6 -4 5 0 -8 -6 -3 -10 -3 -5 9 10 9 4 -4 7 0 -7 8 2 0 4 10 3 3 -3 -5 -6 3 -10 0 8 6 6
-9 5 1 -10 5 -7 -3 6 -9 -6 -8 -6 -3 4 -5 -6 0 1 4 -7 -9 -5 -4 2 8 9 2 0 -7 8 -6 7 -8 -10 1 1 8 -10 2 -5 10 4 10 10 -1 1 1 -6 0 -4 9 0 -3 -2 -2 2 -4 1 -7 -8 5 2 -7 -4 2 6 -5 4 0 3 5 3 -3 10 -10 -1 4 0 -2 7 -3 4 4 4 2 0 -5 -3 4 -5 -3 -7 -5 9 5 0 7 9 2 2 -8 8 -4 -10 -2 -9 1 -5 7 -10 4 -9 -8 6 -1 -6 8 -3 -3 1 -1 -1 -2 0 8 3 -9 3
0 0 3 -5 8 5 -9 -1 -5 -9 -3 -6 1 -1 -6 8 -1 4 -5 -1 7 -3 -5 7 -3 -1 2 1 10 -5 10 1 8 2 4 4 -3 1 -7 -7 8 -3 4 -5 2 -5 -2 8 -3 6 -4 -10 -10 -6 -10 -9 -5 -2 7 -8 0 -1 5 -3 -3 -3 -8 -8 -3 -3 6 2 4 -7 -4 6 -9 -1 -2 6 7 0 6 -2 -6 -8 -5 1 -7 4 2 1 0 6 -1 -9 -8 6 5 4 -9 -4 -3 7 7 0 3 0 -1 2 6 -6 -6 2 -7 7 2 6 4 8 2 9 -5 -2 -8 4 6
5 9 10 -9 -7 4 6 8 5 6 5 -8 4 -7 5 -1 -5 4 0 -8 5 5 -2 -5 -4 9 10 -10 -3 -7 -9 -1 6 1 -1 -6 9 3 4 -8 -2 -8 9 10 4 7 -5 6 3 -8 0 -4 6 -4 5 5 10 5 1 -9 -2 6 -5 -5 -6 6 10 3 -3 1 9 0 9 -4 10 3 8 -1 8 -3 -1 -1 -7 7 -3 1 -4 1 1 8 -9 0 9 -8 -10 4 3 1 2 -1 3 5 7 10 -8 -2 2 6 2 -3 10 -6 -5 5 -8 0 -6 -7 -7 -2 3 -3 3 6 -2 -7
-3 -7 7 1 0 -9 10 6 6 -5 9 7 4 10 0 -9 9 -1 0 -4 -5 1 -6 2 2 -10 -1 1 -4 2 -10 2 -1 -9 3 2 6 -4 -3 6 9 -5 6 9 9 1 6 -6 9 5 0 -1 4 1 -3 -10 7 -6 3 9 -10 -9 6 0 9 -9 3 6 7 4 -4 -6 5 -10 -4 -7 -4 -8 -6 3 7 -4 6 6 2 6 -8 -1 -2 0 5 4 -9 3 -6 5 -4 7 8 5 3 4 2 10 2 1 7 -7 6 5 8 -10 9 2 8 -4 -7 4 4 -6 3 -4 -2 4 -6
-6 10 -5 -10 10 -10 6 10 0 10 -9 3 9 -6 3 -4 7 -7 8 7 5 5 7 -9 3 6 6 -7 3 8 -6 -5 6 -10 0 -3 -1 10 -4 5 5 -1 2 -7 5 -10 -2 3 1 -2 0 -8 10 -2 -9 6 -7 3 -7 -10 1 8 8 -4 7 -10 -5 6 8 -3 8 0 9 4 0 8 -10 7 9 1 -2 -3 -10 9 7 1 9 0 -1 3 1 10 -6 -7 3 -9 8 6 5 -3 6 1 2 3 1 6 8 -4 6 -7 -10 -9 -2 -8 7 -9 0 -9 8 -5 -7 7 -2 0
-5 -3 9 -10 7 -6 -3 8 8 3 -1 9 -3 -7 -3 5 3 -10 -6 -4 -7 -1 -4 10 -3 0 7 0 -9 3 10 8 9 -10 7 -8 7 4 3 -9 7 -3 -1 -5 10 -4 1 6 -10 -3 -3 -6 10 9 2 6 -10 7 10 -3 -7 -8 7 -6 -8 -2 -4 -8 6 10 -4 4 0 -10 -5 -6 5 8 2 9 3 10 3 -1 5 5 7 5 7 -2 1 2 3 -6 -2 -10 8 8 0 9 -10 1 7 -1 -2 2 8 3 4 -5 5 -5 6 -1 -10 -1 4 -3 8 10 6 7 9
-1 6 -1 -8 -5 9 8 6 8 8 -9 9 -3 8 10 -10 7 6 -1 5 9 10 7 -6 -7 -10 -7 -8 -8 -8 -2 -1 -9 2 3 5 -3 -2 -7 -1 -9 8 5 2 -2 -9 -4 3 -7 -5 -5 10 -2 -8 8 -7 -5 1 -8 -2 -9 5 -8 6 -10 0 -3 -9 9 9 6 3 7 -9 -6 -2 7 -4 3 -7 -9 5 -9 -2 3 0 3 4 8 -4 -10 -10 -2 1 -5 -3 -1 -6 0 6 8 -5 -1 -2 4 -8 4 6 0 9 2 -4 5 9 6 5 5 9 4 6 -4 -2
-10 8 8 -10 2 8 7 -2 -1 5 8 1 -8 -1 -4 5 -4 -7 -1 -4 -2 3 -3 0 -6 -9 -6 -6 10 3 4 -6 4 -5 -2 8 2 0 -3 -8 5 -2 -1 -10 -6 -9 1 5 8 -1 8 -9 5 -6 5 1 6 0 2 2 3 10 -7 -9 -7 -8 -2 -4 4 -3 -4 7 -1 -1 4 8 6 -7 3 -8 -7 5 4 -8 2 -4 3 -10 -8 1 -9 9 -8 4 -1 -3 8 -6 -4 -1 -5 8 -9 -8 -4 -10 -8 1 -8 8 -9 -8 -7 8 3 -2 -6 7 -6 -5 9
-2 -1 10 8 10 0 -7 -5 3 8 -5 10 -7 -10 3 9 -10 2 0 -10 7 6 -3 -7 -4 4 8 0 3 7 5 -10 5 -10 -8 4 10 -3 -7 6 0 -8 -3 -5 -2 -9 7 3 -8 6 6 5 2 3 5 1 6 -2 8 3 1 -8 0 -10 10 2 -4 2 -10 -1 9 2 3 -2 6 4 -5 -4 -2 3 5 10 -6 -7 9 -6 6 7 8 -7 2 1 10 6 5 -6 9 -8 4 -10 5 6 4 1 8 -2 10 3 -8 1 1 0 -4 3 1 -7 -2 9 -3 -3
-8 4 5 10 6 4 -1 6 3 -4 -5 5 7 -8 9 10 3 10 2 -9 9 2 -2 -3 -3 -5 0 -2 -4 2 10 -2 -4 -5 -7 6 1 2 -4 -1 10 -6 -4 3 5 4 -8 1 7 -2 7 -6 3 7 1 3 -8 -7 5 6 -3 -10 4 -5 8 9 -9 10 -2 8 8 -2 -10 2 -10 2 -1 -3 8 0 2 -8 9 -7 1 -2 -8 -5 -2 7 8 1 6 6 3 -6 -6 8 -5 3 4 2 -3 4 9 7 1 3 -7 -9 -3 7 1 -10 6 7 -8 -9 5
-4 7 10 0 4 10 -8 -10 -1 7 -1 7 -3 9 3 -7 2 -10 -1 -10 -8 -2 6 -2 -1 2 2 -8 9 -6 9 7 -9 -7 9 1 4 10 -5 -9 6 4 0 -8 -1 2 -2 -5 6 6 6 9 10 -7 -10 0 2 1 9 -10 6 -10 -6 -2 -8 5 7 -4 1 3 5 -1 7 -1 -1 4 -5 -2 -7 -1 -7 -10 -10 -10 9 4 -8 1 -6 -7 -4 -6 10 9 -2 10 4 -10 -10 2 10 -8 9 -7 10 6 -10 8 5 -7 -7 5 9 3 5 -2 9 10
9 9 -10 -10 0 -1 -7 -8 8 2 2 -4 -4 1 8 7 7 3 0 1 5 0 1 -8 5 2 -9 10 -4 4 -6 10 -1 -1 -3 -3 -5 3 -8 0 -10 9 3 1 6 -9 2 4 3 1 4 -9 -2 -3 2 -5 6 -4 -4 3 0 3 10 -3 8 -4 7 -3 0 -10 -6 7 -7 5 -8 -5 -1 -2 -5 -9 -1 -3 -2 7 0 3 4 0 0 8 -2 6 -4 1 1 -10 -10 -9 0 -10 6 -10 10 -8 -2 -7 -6 7 -3 -10 8 4 8 3 -1 1 9
3 -4 9 -5 5 10 4 -1 -6 -5 -7 -10 6 10 -10 -6 3 8 3 8 -1 -2 -8 0 2 -7 -9 9 10 -9 -9 -4 -5 5 -4 2 7 -4 -3 -8 -2 -10 1 6 -8 -4 1 0 -5 -1 9 3 9 -2 9 4 -6 4 8 1 -2 -7 7 -1 7 -10 9 1 -6 -6 6 3 5 2 -6 7 -3 0 10 5 -8 3 -7 10 4 -6 -6 8 -6 -3 8 -7 1 10 -7 -4 0 6 -8 7 -9 -9 -4 -1 8 -2 10 -2 -4 -6 1 -10 1 8 1 -2
-1 -7 8 8 -3 10 4 -1 -1 9 -10 5 -3 0 -5 6 -4 -9 -8 -4 -6 3 -7 1 7 -10 4 -10 4 -5 3 2 4 4 8 8 -10 -4 3 -10 -7 -2 -7 -2 -9 -4 -8 3 8 1 -5 -9 4 -2 9 -10 2 0 -3 -9 -10 -6 -1 -4 -9 9 -9 1 -7 -5 0 -6 4 6 2 7 -9 4 -2 -5 0 9 7 3 -4 6 -6 2 -8 -9 -1 -4 2 3 1 0 -8 5 4 -2 4 7 -1 -9 -8 -3 3 -6 10 10 -9 9 -2 1 -9
-2 -3 3 -9 1 0 5 -10 -3 3 6 5 -7 3 8 9 -5 7 7 0 3 -6 3 4 -6 -1 7 5 5 9 4 1 9 4 9 -8 10 10 9 3 6 10 8 3 -8 3 3 -2 7 -3 7 9 6 -10 5 -5 1 10 -1 -6 -2 -6 7 6 5 -10 -6 6 3 8 -9 1 -8 6 -10 8 8 -10 -8 -9 -3 -5 9 6 -7 -3 4 3 2 -5 8 7 -7 -1 4 -3 5 10 1 0 10 -2 1 -7 8 -1 -1 2 4 8 4 2 10 7
2 -2 0 -3 6 -8 -4 -7 10 10 -2 -3 0 9 8 -8 -9 6 2 -5 7 9 0 0 8 -6 4 8 -2 2 0 4 -10 9 1 -4 10 -3 -5 7 -3 4 7 -9 -8 5 0 -10 -2 -10 -1 7 -8 -8 0 -10 -3 -1 0 8 0 -7 -7 1 7 0 9 2 9 1 7 -1 -10 -2 -9 -5 -10 -5 0 5 -4 4 10 4 8 6 0 -9 -2 -7 -8 5 8 -6 -8 -6 -2 -8 7 -8 4 10 -8 4 10 -3 8 -5 -1 1 -1 4 4
-4 6 -7 2 7 -7 -5 8 -8 -1 -3 -9 -3 -7 -2 3 -6 -5 0 2 4 6 4 9 2 7 4 -1 9 4 -4 -7 -8 7 8 -9 9 6 -7 5 -9 2 1 -1 2 8 5 -1 -8 -6 -9 9 -7 1 -7 -2 -7 4 2 -5 -5 5 -10 1 4 -3 -9 -7 1 -7 5 -8 9 -1 6 0 -9 6 5 2 5 -5 7 -8 5 3 3 8 4 6 4 7 7 -5 0 -9 -2 -10 2 -7 0 -2 4 7 -7 7 9 3 -1 -5 -1 -8
3 -4 2 2 -8 8 1 -5 -8 -8 -3 2 -1 10 8 -3 9 -9 -3 -10 1 -1 -7 -5 -7 7 2 -5 2 -4 -8 1 5 -8 -3 -7 6 8 6 -3 -1 -1 -1 -5 10 0 8 -4 3 -8 3 6 -10 -9 0 -9 -1 10 -4 1 3 -3 -1 -7 -6 -3 -10 -8 10 7 5 7 -4 9 3 0 7 -4 -1 8 1 -5 9 -4 4 -3 4 -10 5 3 9 -1 -1 9 -1 3 -9 -2 -1 5 3 5 -7 1 -1 -7 -1 1 -7 -9 8
4 -3 -6 6 4 0 4 3 -7 3 2 4 3 -8 8 9 3 2 -1 -7 -2 9 -2 6 4 8 5 -1 8 -9 8 -7 -3 4 -5 0 -3 -1 5 -9 1 6 7 1 5 -5 6 9 1 2 3 -2 0 -3 10 -3 4 -1 8 0 -5 1 3 3 6 7 3 -10 0 -9 -10 4 0 2 -10 -1 -10 -9 -6 -2 5 3 2 -9 -6 -5 5 4 5 7 -2 6 9 4 0 -9 8 0 -10 7 -5 -6 -7 -1 1 -2 -8 3 0 -8
8 -7 0 -5 7 0 6 2 -1 6 2 -8 10 0 8 9 -8 0 -10 -3 6 -9 2 -8 -8 7 8 -5 4 -3 -9 3 7 7 -10 -2 7 -3 3 9 2 -2 2 3 -4 7 -5 1 3 5 3 4 9 -1 2 -9 -5 -5 6 -1 0 -6 8 -7 7 -10 -3 9 7 -1 -4 4 9 6 -6 -2 -5 -5 10 10 10 4 9 4 -7 9 -2 -7 -8 3 -7 -4 -5 -10 9 -6 -6 7 -8 10 7 -8 -7 3 4 -10 5 -1 5
4 5 7 8 -6 7 -2 -5 3 2 9 0 4 -4 10 -3 -6 3 -8 -3 9 7 -3 -5 8 -4 3 -4 6 -10 5 2 1 6 3 1 8 0 4 -5 -6 -7 -6 5 0 -5 -10 9 -10 -5 2 -6 -10 4 6 8 -10 -5 -5 3 -7 6 5 10 -5 1 -3 -10 0 10 7 9 -9 -5 10 -6 -4 6 3 10 -6 10 -9 -1 8 -6 -4 -7 8 -1 2 2 -1 -3 4 -10 1 6 -4 -6 -1 1 -5 -10 7 5 3 -9
-1 -9 2 1 8 -10 8 0 1 -10 5 8 -2 -10 10 5 -4 6 -9 -3 -7 -3 -9 -6 6 5 -10 -6 -5 6 -2 -3 7 -3 8 4 -9 7 10 6 1 -9 7 0 -10 0 -8 2 3 -4 -8 -1 -4 -9 1 0 5 6 8 -6 10 -3 1 8 4 -7 -8 7 7 9 -3 9 -6 -10 -9 7 5 3 3 4 -9 10 -2 -9 -4 -7 -10 10 5 -5 -4 1 -2 6 -6 -4 6 4 6 -5 -1 10 -6 6 2 8 -4
-5 -9 5 -5 7 -1 4 -8 -4 7 -1 -9 -5 -6 4 -4 5 -7 9 1 -7 -5 -9 -4 7 -1 3 7 8 -10 2 5 -8 6 -9 -10 -7 -6 7 -5 2 4 -10 3 7 -8 8 4 -7 -1 8 -3 -4 -1 -3 7 1 4 9 10 -4 -8 -3 -6 -1 4 -9 -6 -10 -8 8 1 -3 -2 9 9 -4 6 8 -10 2 5 10 2 6 -6 -3 10 -2 2 -2 -3 7 -6 6 0 -3 -2 -3 2 4 2 10 0 -9 -9
-6 8 2 0 -2 -4 -2 -1 -9 5 1 5 -8 3 -10 -8 -10 -4 5 0 -2 6 5 -3 -7 -6 1 -3 7 4 1 3 -5 -4 6 -10 -7 0 2 -3 -10 -5 8 2 -1 6 7 -5 2 -7 10 2 3 6 -8 1 0 -2 -9 7 -7 1 -9 -4 1 -9 1 -4 -9 -5 -1 0 -4 -8 -1 2 1 -2 -9 -1 5 -4 -1 5 -3 -4 -1 9 5 9 5 10 -6 1 6 4 0 6 7 7 -9 2 -2 -9 -9
10 -4 10 -10 -8 6 -6 -9 2 -4 1 -10 3 -4 -5 2 -3 -5 5 -4 -7 0 8 8 -9 9 5 10 -3 5 -4 4 0 7 -5 -2 4 -5 -1 1 1 -5 -9 -6 -1 8 5 -8 -2 -7 -1 -8 -6 10 9 3 -3 -6 -3 6 -1 2 7 3 7 -6 -2 -10 7 3 9 -2 -4 2 -3 -7 8 9 6 2 5 -6 -3 2 -7 4 -6 -1 4 3 4 -7 -3 -9 9 -3 -5 3 10 -10 2 10 -10 -3
10 -6 9 -1 -3 -7 -6 6 1 -1 3 -7 -7 -1 -8 -6 -7 2 -5 -6 4 -1 5 8 5 3 -2 7 10 -3 -10 -3 -5 -8 2 6 -1 0 3 -10 -10 0 8 -3 -3 -10 4 -10 7 -10 -10 -8 7 -9 -6 5 4 6 -4 9 -7 6 0 7 -2 -8 -10 -6 1 3 5 10 8 -2 6 10 -1 5 -2 10 7 -3 -1 7 7 -9 -1 -2 7 6 -10 1 -10 -8 1 0 -6 9 10 -7 9 -1 -2
-3 0 -7 -7 0 9 9 7 -3 -2 8 -2 1 6 5 -2 4 7 6 -4 -2 -1 -5 9 -4 9 1 5 -10 -7 8 -9 9 -9 -3 4 8 2 -8 7 -9 -1 -3 -4 -1 -9 -4 -2 8 6 -10 2 -3 -9 0 -10 6 -4 -3 7 -10 -7 2 3 2 9 0 -1 7 4 10 -1 -7 0 1 -5 3 -8 10 4 -3 5 0 -1 0 -2 -4 9 -1 7 8 -7 -9 7 3 -6 0 -9 -4 -5 -7 -7
-2 5 -6 10 5 6 2 -8 2 -4 0 -9 -6 8 9 6 9 2 5 -7 0 10 4 2 8 2 10 -7 1 -1 2 -1 5 -4 5 2 -10 -7 4 3 -2 -2 -2 7 -10 -5 10 1 -8 9 0 2 2 -4 -6 10 3 -2 -7 2 2 -6 -7 2 -10 -2 7 4 -2 -9 -6 1 -4 10 7 -9 2 -9 2 -8 -8 1 7 -6 3 -9 3 4 -10 7 -5 1 8 -8 7 8 7 8 -4 -6 -6
-5 -7 10 -5 7 -8 6 -10 2 -10 8 -3 -10 -5 -9 7 3 4 -3 8 -2 1 -1 8 3 7 7 -2 -4 -9 -3 -5 4 -4 -8 -1 -3 4 -9 5 -3 2 -2 -10 -6 -9 9 -8 9 -10 2 5 7 -10 10 2 5 4 9 7 10 -2 5 6 5 -4 4 4 5 -5 10 3 3 5 -9 1 5 2 9 5 -6 -3 7 5 -10 6 5 0 -9 -8 -9 -1 6 5 -4 9 4 -5 7 -2
-6 -4 -10 8 -5 -5 -1 7 -4 -8 -2 -6 -9 7 -1 -4 -9 8 9 -6 1 0 9 7 7 0 -8 8 -10 5 -2 -5 -3 9 -1 -5 0 10 -9 -4 -6 0 9 -9 -8 6 4 -4 -9 3 -4 -3 4 -5 -5 0 9 1 -4 0 2 10 2 -3 -9 -2 5 0 6 8 -9 7 5 5 4 -5 2 -2 -2 -8 -6 -8 10 -7 2 -7 4 6 -2 7 -2 -2 6 -5 -3 -7 7 -10 7
8 5 -2 -10 5 0 -1 -7 -10 2 -1 6 -7 -8 6 10 -3 0 -2 -2 6 -1 3 -4 -6 -8 1 7 -5 1 -1 -4 7 -8 -7 3 3 -10 3 -3 10 -1 8 -1 -2 -6 -4 -9 -1 0 7 -6 -4 -3 4 -9 0 5 6 8 -5 0 -2 -10 -8 8 -3 2 -3 5 8 -8 8 0 -5 10 8 7 9 -8 -2 -1 -1 1 0 -10 -9 5 -9 8 -5 10 -8 -3 10 -8 -3 -8
5 -9 7 3 -2 5 -10 -3 5 9 7 -3 -2 5 5 -2 2 6 -1 4 -10 9 -6 9 -6 6 -1 -7 -10 -6 -6 -10 8 3 -1 -5 2 4 -7 2 2 -6 2 8 -8 1 4 9 9 -6 9 5 -9 -5 -4 9 9 -7 -7 -3 4 7 2 -6 -4 -8 1 10 6 0 -8 -8 -9 1 -5 -7 -9 -8 -9 3 4 -4 5 9 -2 0 10 5 5 -2 1 2 10 -10 0 8 2
-3 -3 -1 -10 9 -1 -2 -2 6 9 9 -3 -1 1 9 -1 3 0 -10 -4 -1 2 -4 9 6 -3 -7 -1 3 10 -6 -2 -3 -10 6 4 2 -1 -5 -4 6 -4 10 -2 -2 7 1 -8 -2 -4 7 -8 8 -1 6 2 -4 5 6 10 5 1 10 9 -4 6 -10 1 -10 -8 7 -2 -10 -8 -3 7 3 -3 -7 -9 -5 10 6 5 -7 -4 -1 10 2 -7 -3 6 8 -9 3 6
-4 3 -4 -2 -7 -6 8 10 7 -5 -10 6 7 -9 -7 -2 5 -10 8 -3 -10 -7 9 -4 -1 -3 -5 -4 -3 -3 1 10 0 3 -8 5 7 9 8 3 -3 5 -5 -10 -10 3 0 4 -2 8 -3 0 10 -4 -2 -1 -10 10 -7 -1 -9 7 -2 1 -5 3 -8 8 4 2 -6 -10 0 -6 -8 -7 0 10 2 4 3 2 8 3 10 -5 -7 -1 6 -1 2 -3 -5 2 9
-7 -6 -1 -3 -7 8 0 5 -2 2 -2 -5 -2 -2 7 -7 -6 8 -10 -7 -9 -10 -8 -10 1 -1 2 -4 4 -5 -10 6 10 8 10 0 -7 -1 -3 0 7 8 -6 -10 5 -1 1 10 8 0 -5 -4 -10 9 -4 -8 8 9 9 -8 -8 7 1 2 -1 8 7 7 9 4 4 -3 9 -10 10 -3 5 10 4 -3 -8 -6 5 6 2 -2 9 -6 -9 -1 4 3 -5 -6
4 3 -3 -5 1 -9 1 9 7 -8 3 9 -5 -5 -2 8 10 -6 10 -2 7 3 0 6 -6 -9 3 0 1 -5 2 -6 2 4 -4 -10 4 -6 -1 10 4 8 0 2 -3 0 1 -9 -7 -9 0 -2 6 -4 8 6 -4 -8 -9 -4 -1 5 8 -8 -8 1 4 -3 -4 8 -9 6 1 9 -5 9 -10 5 -4 -9 7 -8 10 9 8 3 4 -8 9 -10 4 1 0
-3 6 -5 4 8 0 8 8 4 -8 -2 9 9 7 3 9 10 7 -10 8 -7 4 -9 3 1 -1 -9 1 9 -2 0 8 1 10 -7 4 4 4 3 7 -9 5 -6 3 8 -8 -4 5 3 8 -8 4 -5 -10 6 -9 -7 -1 -7 4 -2 -3 -7 4 -5 1 0 6 3 -8 -8 -6 9 -2 -3 10 -2 -7 -8 4 -8 -7 6 -7 -8 -9 -6 0 -6 -8 6 9
-6 1 -6 2 8 -4 -9 -10 -1 -3 -2 -9 -5 10 4 5 -6 0 8 4 2 5 6 -5 6 -2 -5 -4 -9 -5 -6 8 -4 2 8 -8 -4 -7 5 -10 2 4 -3 -4 1 9 -6 -8 -3 0 -6 4 2 -5 -3 -3 0 -3 9 5 4 6 -6 9 -10 -2 -4 0 8 5 10 -6 9 -8 4 -6 -9 -7 -8 6 -2 -1 10 -2 -3 -4 4 -3 10 1 9
6 -7 4 4 -7 5 -7 -4 -6 -10 7 9 -5 -2 -1 0 -6 -3 -1 2 -6 9 -3 2 -6 -5 0 -6 1 -7 -5 3 -3 -7 4 -7 9 -3 -10 -10 3 -4 4 2 -2 -10 0 0 -9 -7 7 2 -1 -9 6 -4 0 3 -2 1 -6 4 -5 -8 -3 -5 10 7 2 -1 10 -7 -9 -4 8 7 -8 2 -2 -5 9 1 -6 -1 -10 -9 -7 -4 8 -4
0 -3 5 -10 -5 2 10 -6 -2 7 4 9 -10 -3 4 1 9 -5 -3 0 1 -3 7 2 9 -9 -9 9 5 7 -5 3 2 7 -6 5 6 -3 -8 -9 -3 4 -7 10 1 -10 -7 -6 -2 10 -5 4 1 -7 -6 5 5 -4 2 6 10 7 -10 8 8 7 -1 -2 -3 7 5 3 -5 2 -3 9 5 1 -8 -9 0 -1 1 6 9 10 -6 -3 -3
6 5 3 3 6 8 4 9 -4 10 6 -7 4 7 -3 -9 -3 9 1 -6 4 -1 0 10 -1 2 1 9 -1 -5 5 1 -6 2 -10 -4 7 6 8 0 -2 5 4 6 8 -7 10 0 9 1 4 0 3 8 -2 -5 2 1 7 9 8 -2 -9 10 4 -10 -1 -9 4 8 5 6 -3 3 -1 0 -4 1 9 -4 9 9 -4 7 2 6 -4 3
8 4 10 3 1 -7 1 -2 -8 -4 -9 -5 -5 0 -1 -7 9 6 -5 6 -3 -7 2 -3 -2 -1 1 -2 -10 -2 -9 6 6 3 -8 2 -5 -4 -4 2 -6 6 -7 -8 -2 0 6 -2 5 -5 4 -10 -6 0 5 -2 -9 6 3 1 6 -7 -7 4 7 7 7 3 -2 1 -4 10 7 -4 6 -4 -4 -5 8 9 6 8 -3 0 4 -7 7
-4 -9 5 -5 -7 7 -2 5 8 4 -2 9 -7 -7 4 -10 -5 10 -5 -7 4 -9 7 -5 -1 3 -5 -2 -10 -1 6 8 1 -7 -3 9 0 -7 -2 7 -5 -5 9 -9 9 -9 0 -4 3 10 -10 2 -7 8 3 5 8 -1 -8 -5 2 -7 -1 -5 7 6 -7 8 6 6 0 0 -3 4 5 0 -2 -8 1 4 -8 5 10 10 -8 2
3 8 2 0 8 -2 -2 -8 -6 -3 -6 -1 -10 1 -10 1 1 9 -8 9 10 10 -1 2 8 -2 -9 -5 -6 7 -4 -7 3 -7 0 -6 5 -5 -8 10 8 7 -3 10 2 2 3 -7 -6 4 5 -5 -7 10 4 -8 -3 3 7 9 -3 -6 4 10 0 -5 -7 -4 7 3 8 -2 1 3 1 3 -6 -1 3 -10 8 -4 9 -8 0
-7 9 6 -6 8 -3 4 -6 -6 -8 -4 6 -7 2 5 3 6 4 -9 -10 -8 8 -6 -10 -1 -8 -7 1 0 9 6 5 -4 10 4 0 -7 -7 -4 6 -8 -1 2 4 0 -3 8 1 -3 -2 -10 -2 10 -7 -3 8 1 8 1 -10 3 7 6 6 -4 3 -5 -2 -6 3 0 8 2 5 -8 1 6 2 -6 -9 10 10 1 0
-8 6 -4 8 7 10 9 -1 7 7 -9 5 3 -10 4 10 8 2 7 -6 0 2 7 -5 -6 -3 -2 1 2 10 2 9 10 -7 -5 -3 0 3 -1 5 3 -7 -7 -5 -4 4 8 -8 -3 -7 -2 3 10 -7 -9 -6 -6 1 -2 -4 3 -4 -8 2 -1 10 -4 6 -7 1 5 2 -1 -10 7 2 -10 9 6 -2 -2 6 -10
-8 -2 0 5 5 -1 1 8 6 -8 -6 2 0 -8 -6 -4 -5 -6 -6 1 -8 -5 10 6 -3 -2 -8 3 5 0 1 -2 -10 0 7 9 3 8 2 -4 2 6 -5 5 7 0 4 -9 -6 -3 2 2 5 -1 0 -5 10 10 -6 6 -10 -2 0 8 9 -7 0 -7 0 4 9 10 10 2 9 -1 -4 7 8 -3 10 9
-7 -1 -7 10 -10 -6 0 -4 -1 -3 6 6 -4 -4 2 -8 2 -4 -2 5 4 -10 -4 9 0 9 8 -9 8 7 1 2 6 4 -8 7 -9 1 -3 -8 4 1 -3 -10 2 -9 -8 -10 -7 7 -10 4 -3 6 -5 -1 2 1 -3 -9 9 7 1 10 2 -3 7 -3 2 10 -7 -10 4 5 0 10 2 -4 -9 -4 5
-10 6 6 5 5 8 -3 -2 -3 -3 7 -4 0 -4 0 4 -10 -4 -4 -8 1 0 10 -8 2 6 7 -4 -10 6 -2 -9 -7 -5 -1 -4 6 6 10 -2 0 -1 7 5 5 1 4 2 -3 -3 4 6 -3 -8 -9 1 9 -1 -1 5 7 -4 -2 -7 8 -8 3 -9 -7 -5 -8 -1 10 8 1 10 8 7 -10 9
8 -6 -8 -3 5 0 8 7 -2 5 1 2 -6 -10 -8 -6 9 -5 4 5 5 2 -8 10 1 5 -9 -10 6 -9 -1 9 5 -5 -6 3 -4 -3 -1 -1 5 5 3 10 9 -9 7 -1 -3 -2 1 0 5 1 -8 3 -5 -7 10 5 -1 2 4 -2 -8 -10 -2 7 -6 4 0 9 3 7 -2 -8 -4 7 1
0 -9 -5 1 0 0 3 4 7 3 4 10 -8 8 5 10 -3 -3 1 8 9 -3 9 -8 2 -5 9 -8 -1 -4 5 6 2 4 3 8 6 8 -6 -9 -10 2 9 -9 -8 1 8 1 -4 -3 -5 9 -4 2 -6 -3 8 -10 4 2 8 -1 -1 -4 6 0 -7 5 7 10 -8 -7 0 7 1 -7 2 2
-7 -2 5 -9 0 10 -1 3 -6 8 6 4 9 -9 9 2 2 6 10 -4 -4 -8 6 -4 -6 7 -8 2 0 -6 10 1 8 3 -10 10 -4 9 0 -1 -4 8 3 -5 2 7 0 6 4 5 -9 1 -8 -4 0 -1 5 8 -7 3 -7 -3 8 2 -10 -10 -4 10 5 -5 6 1 -1 3 2 10 -2
-3 3 0 -10 8 2 10 2 -3 7 7 8 -10 -2 -10 -2 -4 3 8 1 3 6 -9 -9 1 10 -3 9 9 -7 -2 7 3 2 9 -5 -1 0 7 -1 10 6 10 7 1 -8 3 -3 -6 -1 5 1 0 -4 -9 5 -10 -10 3 2 -10 0 7 4 -5 -7 -6 4 0 -9 3 1 -7 -5 9 -10
1 6 -4 -7 -7 8 -10 -10 10 -8 6 -2 -3 -9 7 -2 -2 3 -6 1 -5 -5 3 -10 -5 7 1 -8 -3 -8 10 2 -6 10 -6 10 2 -7 1 -10 5 -6 9 5 1 3 -3 6 -9 -5 -8 10 -2 5 -8 -10 3 9 4 -4 1 7 2 1 -8 -8 -4 -8 7 -6 9 -8 3 -8 5
-5 5 -1 -3 3 -5 -6 -2 3 2 5 -6 7 -3 -3 -3 1 7 9 -1 -6 -3 -2 0 3 1 -5 -9 -7 -5 -3 0 9 -8 6 0 7 8 1 -6 -1 -5 -5 3 -9 4 -6 5 -1 -8 -9 8 5 -6 1 -3 7 9 -8 -1 3 7 -10 0 -4 6 -6 -7 -4 4 -5 8 3 -5
2 2 3 -9 9 4 6 9 4 6 7 5 -4 -10 -5 0 -6 -3 -4 5 0 2 -4 -8 7 6 3 -8 6 6 5 -8 5 -5 6 -2 -6 3 -6 7 -8 -7 0 -7 -4 -2 7 -2 7 -6 10 -7 1 -7 9 10 5 9 -6 9 -1 -9 -6 10 6 2 -2 2 -2 -6 -5 0 1
-5 -7 -6 0 -9 0 -8 5 -6 6 5 -2 7 3 -5 3 -5 3 -6 -3 -1 -8 9 -2 -2 -1 -10 5 0 -2 -6 -3 8 -3 7 -3 -10 2 5 1 4 9 -7 -5 8 -3 4 -6 -3 3 5 -5 9 7 8 7 -9 2 7 4 -1 8 -1 10 5 -10 2 -1 5 -9 -2 2
-5 -3 -7 0 -8 0 -8 -9 3 10 -9 -9 -1 -5 2 -7 6 -9 5 10 -5 -2 10 -5 6 9 6 -7 -3 4 4 -9 0 -10 3 5 8 -7 9 0 8 3 7 5 6 3 -10 9 7 8 0 -6 5 -9 2 0 8 -7 -3 -10 4 7 7 -5 8 2 -3 1 -2 -8 -9
-7 7 10 -2 2 4 -2 -6 6 -10 4 -2 9 -1 4 -8 0 0 2 -4 5 -9 0 -3 5 8 2 -7 -8 -5 -7 -9 -3 -2 -2 9 -8 10 -10 -9 1 -6 7 2 8 -6 -6 2 9 8 2 9 -4 -1 2 -10 0 -6 4 -9 5 3 0 7 10 -9 1 -5 3 -6
-3 3 9 -7 0 -5 9 4 1 -3 9 0 2 -8 5 -2 10 6 2 0 -9 -1 1 -5 4 0 -7 -8 -6 -4 -10 -1 8 6 5 -10 -6 -5 5 -7 -4 10 1 5 9 6 -7 8 3 3 2 -5 10 7 -1 -8 -2 -1 -5 -9 -2 2 1 -8 -7 9 7 2 -2
7 9 2 6 6 -4 -3 -7 -10 -6 0 -9 -8 7 -3 9 4 3 9 -1 2 8 -7 10 8 -5 6 -10 9 -1 6 -2 4 3 2 4 1 -5 5 8 -1 9 -6 8 1 -1 3 -3 10 3 -7 -3 -3 -6 5 7 8 4 9 -8 -1 0 3 -7 2 -2 8 8
-1 0 1 3 2 -4 0 0 -4 9 -10 6 4 10 1 -5 1 4 -4 -3 9 3 8 4 -1 -9 0 4 -3 -2 5 -4 10 -2 0 -6 -6 -9 -1 -9 2 -10 1 -7 -10 -2 -7 -5 -9 -1 9 2 0 10 -4 -6 5 -7 1 4 -8 7 8 -1 10 -8 3
3 -10 0 -5 7 -5 10 8 -1 7 -4 -8 -4 5 -8 -1 4 6 1 0 5 -9 7 5 4 -6 -3 -8 0 4 -10 -5 9 0 -10 -8 10 -3 3 5 -8 -8 -7 -9 7 -8 -8 5 7 10 6 -6 1 7 -8 -8 8 1 -5 -6 -10 8 10 5 -5 -10
-5 -4 -8 -10 7 -6 3 8 8 -9 7 -10 -5 0 -2 -10 0 4 1 6 9 7 -6 1 -4 7 10 -4 -1 8 -4 8 -2 8 -7 5 0 -9 -9 2 6 -10 -9 -2 5 -9 9 6 5 -10 9 1 -2 4 -4 -5 1 -7 -7 8 7 -1 10 4 -6
2 -1 -6 9 5 -1 -1 -10 -3 10 2 -3 -2 -8 6 -8 0 8 4 5 -5 8 10 6 -5 -3 0 -1 -4 9 1 -9 6 -6 9 1 -6 -4 -7 -5 -5 6 4 7 1 5 -9 -6 9 10 2 7 8 1 9 5 4 -7 2 7 -5 -10 -4 6
-8 -2 1 -8 1 -7 4 5 7 -1 6 -6 0 1 -6 -8 -3 -7 -8 0 -1 -3 3 2 -5 -4 8 0 -2 10 -10 1 10 -4 9 -5 -1 2 -6 8 3 5 -5 -6 -5 -8 -6 -5 2 -1 -5 1 0 -4 0 -8 6 -4 -5 -6 5 -6 -6
2 -1 8 -10 9 -10 -4 7 3 3 -7 0 2 -7 -9 2 -2 -10 -1 10 1 10 4 -5 8 0 -9 -7 6 -6 -3 -3 9 -8 -4 -10 2 -5 -10 9 -10 -8 -9 -7 3 -5 6 -8 5 6 -7 -2 7 5 0 10 -10 0 1 8 -3 8
10 5 3 3 1 -2 -2 0 0 5 1 9 6 5 -6 -7 7 -6 2 -5 -3 -7 -1 -6 -1 -4 0 0 1 -3 8 10 -2 -8 -2 6 7 1 2 3 10 1 4 -6 4 10 -8 -10 -5 -1 1 -6 -4 4 -3 1 3 -4 -5 -5 7
4 -8 -10 10 8 9 -6 -8 -4 -5 8 1 -4 -3 -7 5 -8 4 -3 6 -10 -5 -7 -3 8 1 4 8 10 10 -6 9 0 -2 7 -1 3 5 3 5 2 1 -5 0 5 -5 7 2 4 -3 8 -7 2 -9 -6 1 -9 -5 8 2
1 -3 4 -7 4 -5 -9 2 -7 0 -7 9 5 3 5 8 -4 2 -10 0 -8 -4 -7 2 -3 -2 -8 -8 -3 0 -6 -1 8 9 -5 -7 6 9 6 9 -3 5 10 -4 -3 -4 1 9 -10 -4 6 -6 -8 -4 -3 -8 2 8 3
9 0 -9 10 -3 -1 -10 -7 9 6 -6 1 -9 -1 4 -10 6 -7 -8 -6 -3 6 -6 2 6 -9 -9 -6 9 7 0 8 -1 -9 4 3 -6 -4 -7 6 -10 3 -7 -9 -8 -9 0 -5 -8 -5 -10 -1 10 -8 5 3 -4 -6
-8 10 -2 5 3 -8 6 7 3 9 -5 -2 7 10 9 -7 -6 -4 7 -4 6 -5 3 -3 3 -2 -9 6 9 1 -3 2 -10 -6 -4 -8 9 4 -3 -8 -2 -8 -2 6 9 -5 7 8 2 -4 9 -2 9 -3 -1 3 10
5 10 9 -7 -3 1 10 -1 5 -5 1 -1 -2 1 2 -1 -1 6 -4 -2 5 7 3 -10 2 -7 4 2 10 9 5 -1 -7 -6 2 7 10 0 -7 -4 -7 -9 -6 -5 5 10 -4 -4 -5 -1 8 2 -8 -7 -1 4
-8 1 3 -3 10 0 8 -8 -9 8 -6 -5 -5 2 -3 9 6 -9 5 -7 6 -5 -5 4 -2 -8 9 -10 0 6 -1 4 -2 -9 1 9 3 -7 -9 -4 -9 -3 -2 10 -5 8 1 -5 -7 -3 -8 4 8 -5 -4
0 -9 7 3 4 1 9 8 -3 -6 8 -10 7 -8 7 10 10 6 10 6 -2 -4 -6 9 2 4 6 3 1 -6 1 9 10 -9 -7 2 -1 0 -4 -7 0 8 3 -6 8 -8 -9 -1 8 -6 1 9 -7 -6
9 -9 9 4 -5 -10 4 -6 -5 -1 3 -2 1 5 5 -7 8 4 -2 3 0 3 7 7 8 5 4 -5 5 4 3 6 3 3 -8 6 8 -9 1 -2 -9 -8 1 9 3 3 -2 -1 4 1 -6 -8 3
3 -1 5 6 6 1 7 -8 9 1 -8 4 -9 2 5 6 -10 -9 -8 6 0 6 5 6 7 0 -4 10 -10 6 -4 -3 3 -7 -3 2 4 8 -7 -5 -5 -7 4 -3 2 6 -7 -6 -8 -8 -2 -1
-5 10 -4 3 5 -5 5 -2 2 -2 1 -7 8 1 -4 -1 3 -8 -4 1 10 10 -6 -9 0 -7 7 -3 -8 -4 -4 7 -10 -9 5 5 2 3 3 -2 9 2 2 -4 10 -10 8 -8 -10 -6 -2
9 -5 -7 -9 -1 6 -10 0 7 1 6 6 -10 8 -2 -1 -5 -3 -4 10 -1 5 7 -8 2 -2 5 -9 1 0 -2 -2 -8 -3 6 10 1 9 8 2 -4 4 6 -4 4 -6 -1 9 10 -6
0 8 4 3 8 9 -1 8 9 -4 -3 -9 2 1 -6 -7 -9 10 -9 -7 3 -8 1 4 6 -7 -4 -6 0 5 2 6 -10 -5 10 4 -7 8 4 -5 -2 -6 -4 -10 10 -10 -7 -6 7
0 8 3 4 5 1 9 -2 -2 -4 3 0 8 -1 -5 9 3 -1 6 9 7 8 -5 7 -3 7 9 9 8 -2 6 7 9 8 -9 -10 1 -5 0 7 8 -3 -6 -9 -1 -7 7 -6
6 -2 7 -10 4 0 6 3 5 -9 7 0 7 10 -4 -1 -5 -3 2 8 4 0 9 1 8 6 -10 -8 -3 2 -6 -5 2 -6 -3 -7 -1 8 -6 -4 -8 9 -8 0 8 6 3
-2 3 6 -3 8 5 9 3 7 -6 0 4 5 -7 9 2 -7 -3 0 10 -3 0 0 0 5 -10 3 0 9 8 0 8 6 4 0 -1 -7 -7 -2 5 -6 -3 -10 -3 6 6
9 -9 8 6 1 8 -5 -8 6 -6 3 5 -1 -4 -6 8 -6 -9 -8 -2 2 6 9 -2 -2 8 3 -6 -3 -2 5 -9 4 -8 9 10 -2 -3 -7 2 -1 -10 3 10 -9
5 3 4 8 10 10 -3 -7 1 6 4 -10 0 9 -1 -2 -4 -9 8 -6 -2 -9 5 3 2 7 -8 -9 2 5 2 -8 2 -5 8 7 8 -4 6 -7 5 0 -10 -8
2 9 1 -10 -2 -6 -10 -8 2 -9 5 -7 5 1 8 -3 -4 -2 10 2 5 6 -6 8 10 5 -1 2 8 -4 8 1 9 -3 6 9 4 -9 9 -10 -5 0 -7
9 -8 -7 -7 -4 8 7 2 4 1 1 -2 -5 -3 4 8 -8 4 4 10 6 10 2 -7 4 5 5 2 10 6 0 -10 2 -6 1 -4 -3 3 8 9 6 8
5 -10 2 1 2 -6 -4 9 -4 -8 -8 9 3 -1 -6 -4 4 4 8 -5 10 4 4 2 1 -5 -7 -9 0 -9 6 2 -6 -5 -3 -6 -1 3 0 3 -8
-5 -5 9 -7 -4 7 -1 0 -3 5 5 -10 -7 -2 0 9 8 8 3 6 5 2 -4 -2 -2 -8 4 -10 -5 -10 -4 3 -1 9 -4 6 9 8 9 -10
7 -6 -6 -1 1 7 -1 0 10 4 -9 -8 6 -8 2 10 2 -3 -5 5 3 8 -6 -8 6 -2 -1 6 -1 -9 -7 6 6 2 0 -8 9 -9 -1
3 -4 -8 3 7 -6 -5 -8 -7 5 -7 4 1 10 9 2 -7 9 8 -7 7 9 10 8 -4 1 -7 -3 1 -8 2 -2 -4 9 -5 6 -9 -10
8 -3 5 3 -9 9 5 5 3 1 -7 -9 4 -2 4 -2 1 7 10 -1 9 -1 1 -10 -4 5 8 9 1 8 0 -5 -2 6 -1 -9 4
-8 -1 10 8 -10 10 -9 4 1 -7 9 0 -4 -6 5 4 -8 6 10 -1 -10 0 -2 -1 3 -2 -6 10 -6 4 3 7 -7 0 -1 -3
6 0 2 -9 10 1 2 -2 10 8 7 -10 2 -9 3 -6 6 2 -4 -3 -1 4 3 -7 8 -3 9 -1 7 10 -6 -1 4 -6 -8
10 -10 3 1 -1 -10 3 0 10 7 -8 5 10 0 9 -8 -1 -9 8 -3 -2 -6 -4 1 -9 1 -3 -8 -2 0 -5 2 3 7
2 -7 2 6 5 7 1 -3 2 2 4 10 -8 2 8 -3 4 7 -3 9 0 7 -2 6 1 3 -3 -9 1 7 -3 6 10
5 2 3 -10 6 -9 1 -5 -8 5 9 -5 6 -9 -8 10 5 6 -5 -10 5 8 4 -1 1 -8 -3 -4 5 -9 -2 8
-5 6 0 5 -3 8 10 6 10 9 -5 0 -7 -3 -2 7 9 4 -7 10 -8 -1 9 -7 -4 10 5 -7 5 -4 7
-2 2 8 -1 -5 4 -1 -2 3 10 7 -5 -2 -3 -7 -3 -4 -5 -2 3 -2 7 5 -9 7 8 -6 6 2 9
-9 -3 10 -8 -8 1 -1 7 2 6 1 3 -3 3 8 9 5 -4 -8 -2 5 -7 -5 9 -8 10 9 -5 -8
5 9 -9 -7 -1 -7 0 10 8 10 -10 5 6 -4 -2 -4 -10 6 -3 6 9 -5 -1 -5 6 -2 -3 7
0 8 4 -8 -2 2 -7 -10 -9 0 -8 7 -5 9 4 3 9 -7 -9 -10 9 -3 7 0 1 2 9
-2 -6 3 5 9 0 0 -3 7 8 3 -5 -6 -10 0 9 -5 -4 9 -4 1 -2 10 -6 -10 -6
10 -10 -4 5 8 -7 -5 2 -9 -2 -6 4 -10 -6 3 -9 6 4 -6 -6 -7 -2 -10 -2 6
8 1 7 -7 -4 -10 -4 -2 0 9 3 -9 -2 -9 -5 2 9 -5 0 5 10 -9 -8 6
2 9 5 1 7 -3 3 -3 -6 0 -8 1 5 1 -4 -3 -6 10 -7 7 -4 2 -6
2 -6 5 -10 0 -9 2 5 0 10 10 1 8 -2 4 5 -7 8 1 -4 -7 -10
-9 3 7 -1 0 -2 -5 8 5 -7 -9 0 -9 8 8 -10 3 9 -5 -4 6
4 6 -3 -3 3 -6 -1 3 -2 3 -2 6 4 -1 3 -5 7 1 -10 -8
-2 3 1 -2 6 8 7 -8 0 7 7 -8 -10 -8 0 4 3 1 -5
-7 -4 -8 6 0 5 6 -6 -10 1 6 -3 5 4 7 9 0 -3
9 -2 -3 -10 -3 6 5 0 -10 0 -2 9 -7 0 -3 -6 -6
-9 4 -8 -4 -3 0 -4 9 9 4 -4 6 1 1 -9 -5
5 -1 0 1 -1 -9 10 0 6 9 -9 7 -8 5 7
5 1 4 10 -7 -5 4 -9 -5 5 -4 10 2 7
8 4 4 -10 9 6 -8 9 -5 4 5 -7 0
7 3 5 -5 -10 -8 9 3 -1 -3 -5 -3
-8 -10 -8 -1 -4 4 -5 10 7 7 -2
10 -2 -5 9 4 -1 4 5 0 3
10 5 10 2 7 -10 -7 9 -4
-2 -5 7 9 -6 1 -10 9
6 3 4 -1 -1 -10 9
5 -5 -7 -2 -6 -1
6 -2 -3 0 3
3 5 2 9
10 1 -7
-8 -8
-2