50
50 10 15 2 38 33 19 21 38 20 26 48 26 46 40 28 45 17 15 18 8 41 18 47 3 34 22 21 8 46 37 32 16 37 13 35 18 2 12 4 13 48 24 6 2 38 33 20 5 3
1 2 3 4 5 6 7 8 9 10 11 12 13 14 15 16 17 18 19 20 21 22 23 24 25 26 27 28 29 30 31 32 33 34 35 36 37 38 39 40 41 42 43 44 45 46 47 48 49 50
3 9 10 23 25 26 34 36 40 44
2 8 9 11 15 17 26 29 30 31 33 36 38 45 48
35 39
1 5 7 8 9 12 13 14 15 16 17 18 19 21 22 23 24 26 27 28 31 32 33 34 35 37 38 39 40 41 42 43 45 46 47 48 49 50
2 3 4 6 9 10 11 12 14 15 16 17 18 19 26 27 30 31 32 35 36 38 39 40 41 42 43 44 45 47 48 49 50
2 3 4 9 14 21 25 26 27 29 31 34 35 36 37 40 44 48 49
2 7 9 10 11 12 14 20 21 26 27 28 29 36 37 39 40 43 47 48 49
1 4 5 6 7 8 11 13 14 15 16 17 18 19 21 22 23 24 25 26 27 28 30 33 34 35 36 37 38 41 42 43 44 45 46 47 49 50
1 2 4 5 7 9 11 12 15 19 28 30 35 37 39 40 41 42 45 50
1 6 8 9 10 13 14 15 17 22 23 25 26 27 28 29 30 31 35 36 40 41 43 44 45 46
1 2 3 4 5 6 7 8 9 10 11 12 13 14 15 16 17 18 19 20 21 22 23 24 25 26 28 29 30 31 33 34 35 36 37 38 39 40 41 42 43 44 45 46 47 48 49 50
1 2 4 5 8 10 12 15 17 18 21 22 24 26 27 29 34 36 38 40 41 42 44 46 49 50
1 2 3 4 5 6 7 8 10 11 12 13 14 15 16 17 18 19 20 21 23 24 25 26 27 29 30 31 32 33 34 35 36 37 38 39 40 41 42 43 44 45 46 48 49 50
3 4 6 7 8 9 10 11 12 13 14 15 16 17 18 19 20 21 22 24 25 26 27 28 29 30 33 34 36 37 38 39 40 43 44 45 46 48 49 50
1 3 6 7 8 10 11 13 16 17 18 19 23 29 30 32 33 36 37 38 41 43 45 46 47 48 49 50
1 2 3 4 6 7 8 9 10 11 12 13 14 15 17 18 19 20 21 22 23 24 25 26 27 28 29 30 32 33 34 35 36 37 38 40 41 43 44 45 46 47 48 49 50
3 5 7 8 17 19 20 22 23 25 29 32 34 41 43 46 49
1 2 4 10 13 16 20 22 30 32 34 39 40 46 47
1 5 7 9 19 25 26 29 30 31 33 38 39 40 42 45 46 47
2 5 7 11 20 41 42 50
1 2 3 4 7 9 10 11 12 14 15 16 17 19 20 22 23 24 26 27 28 29 30 31 32 33 34 35 36 37 38 39 40 41 42 44 45 47 48 49 50
1 2 4 5 6 8 10 19 22 25 27 32 33 34 41 43 44 47
1 2 3 5 6 7 8 9 10 11 12 13 14 15 16 17 18 19 20 21 22 23 24 25 26 27 28 29 30 31 32 33 34 35 36 38 39 40 41 42 43 44 45 46 47 48 49
17 36 38
1 2 3 4 5 6 7 8 10 11 12 13 16 17 19 21 22 28 29 30 33 34 35 37 38 40 41 42 43 44 45 46 47 50
1 7 8 11 12 13 15 17 20 23 28 29 30 31 39 40 41 43 46 48 49 50
3 6 8 11 12 15 16 18 19 21 24 27 31 39 40 41 42 47 48 49 50
4 8 11 16 21 25 41 50
1 2 3 4 5 6 7 10 11 12 14 15 16 17 18 19 20 21 22 23 24 25 27 28 29 30 31 32 33 34 35 36 37 38 39 40 41 42 43 44 45 46 47 48 49 50
1 2 4 10 11 12 13 15 16 17 19 20 21 22 23 24 25 26 30 31 32 33 34 35 36 37 38 39 40 41 42 44 45 46 48 49 50
1 2 5 6 7 8 9 11 13 14 15 16 17 19 21 23 24 25 27 28 33 34 37 38 39 41 44 45 46 48 49 50
1 3 6 10 12 14 20 24 29 30 33 36 37 39 43 45
2 3 6 7 9 11 12 13 15 17 19 20 21 22 23 24 25 26 28 29 30 31 32 33 35 36 37 38 39 40 41 42 43 45 47 48 50
6 9 11 13 25 27 28 30 31 32 34 38 45
1 2 3 4 5 7 9 10 12 13 15 16 17 19 22 23 24 25 26 28 29 30 31 33 35 36 37 40 41 43 44 45 48 49 50
1 6 8 16 18 20 22 30 31 36 38 40 42 44 45 47 48 50
21 24
1 8 11 13 21 28 30 35 38 41 46 48
2 28 36 49
4 6 8 16 19 32 37 40 42 43 44 47 48
1 2 3 4 5 6 7 8 9 10 11 12 13 14 15 16 17 18 19 20 21 23 24 25 26 27 28 29 30 31 32 33 34 35 36 37 38 39 40 41 43 44 45 46 47 48 49 50
1 2 3 4 9 13 14 15 16 18 19 21 22 24 29 32 33 34 37 38 45 46 48 50
3 11 33 43 47 49
1 24
2 3 5 7 8 10 11 12 13 15 16 17 18 19 20 21 22 23 24 25 26 27 28 29 32 33 34 35 36 38 41 42 43 45 46 47 49 50
1 2 3 4 6 7 8 9 10 11 12 13 14 16 19 21 22 24 25 26 27 28 29 32 33 38 41 42 45 46 47 48 49
4 5 6 10 11 13 15 16 17 18 20 22 28 32 33 38 43 44 46 47
1 28 31 42 44
18 30 43
-1 4 3 -8 -10 -8 7 2 -2 3 0 1 -6 5 4 -4 -9 -2 4 7 -10 -4 10 -4 -10 5 -9 10 2 -7 10 -7 -5 -7 -9 -10 -10 -10 2 -9 4 -3 4 -4 1 6 9 3 -7 -3
0 10 10 4 1 5 8 1 -2 -9 -1 6 8 1 -3 -3 -2 -9 5 8 1 4 -7 6 -4 -10 -4 2 2 3 8 -5 -4 6 4 2 -1 -2 -6 -5 8 -6 2 4 10 5 -1 5 -7
2 7 7 -3 -6 9 -9 -5 -3 5 1 6 -8 5 10 7 0 -5 -8 -8 9 9 -8 4 -2 6 -4 -1 1 -2 5 -7 8 -5 9 -7 -6 7 -2 -5 -8 9 -3 0 -10 6 -1 2
-10 1 -9 -7 5 4 -6 7 1 7 -9 -8 -4 3 10 -10 2 -6 -6 -6 -4 -8 2 -6 10 5 -8 4 9 0 4 10 -5 4 5 -8 -7 -2 -2 -8 -9 4 -6 -3 -9 -8 6
1 -3 3 -8 -6 8 8 -6 -10 -4 -10 -9 0 -10 3 9 8 -8 6 -6 7 10 5 -1 -2 4 3 7 0 -5 8 8 9 3 9 -6 1 -1 6 -1 -6 -3 -6 8 -1 -10
3 4 -5 -7 -5 -1 -9 7 3 -2 9 8 -1 5 4 -8 -9 -10 -10 -7 4 -6 10 -8 0 1 -10 3 -9 9 10 1 -8 3 9 -10 6 0 9 5 -9 -4 0 1 6
3 2 -2 -8 -8 0 9 0 6 -5 -2 -1 -9 2 -3 9 -1 5 -6 0 -4 -7 6 -3 -1 -8 -1 -7 -7 8 -3 8 8 -5 -6 -1 5 3 -5 1 -3 0 8 -6
7 -6 -3 2 4 -10 0 -3 -7 -7 -5 9 -7 -7 2 6 0 3 -4 8 -2 7 3 -1 -8 5 -2 -4 -4 1 -10 -9 0 3 -9 1 0 0 -2 -3 -7 -4 0
-10 10 -10 3 -7 -5 -6 1 -1 -1 -6 6 5 8 -1 0 8 -3 2 4 -3 -8 4 3 5 5 -5 0 0 8 -7 0 -5 8 -1 -10 5 -7 7 5 -7 6
8 -10 0 -5 10 7 0 -6 10 -5 6 -10 -9 -1 -2 -5 -2 0 -8 8 8 7 3 -4 10 -5 9 -7 -1 -2 1 -4 -5 8 7 10 -10 -7 -1 -2 -7
5 7 10 -2 -4 6 4 9 -3 10 8 0 -5 10 -3 6 1 -10 9 -8 -7 1 7 1 1 1 -3 -5 -9 -2 0 -7 6 -4 10 5 0 -10 -1 0
9 -4 -6 -4 -4 1 7 -1 -7 -6 -1 -3 -8 1 -3 3 -9 1 3 -2 5 -3 10 -6 4 -2 6 3 6 -3 -3 -3 -7 3 -3 -5 -3 -10 -9
-5 -8 -9 8 7 5 8 1 1 -3 -5 1 -2 -6 -4 -7 1 -6 0 -5 -6 6 -8 -7 -8 -8 9 6 -6 0 -9 -10 -10 -10 -2 1 5 5
9 6 5 -5 -9 1 0 4 10 4 10 -3 10 -3 -3 -1 5 2 6 -10 -4 1 -9 9 -10 1 -6 -10 0 10 1 3 3 2 2 -10 7
8 3 4 8 -9 5 2 -3 5 8 -10 0 4 -1 1 6 5 -5 -1 2 1 5 -1 -4 -10 -7 0 -9 6 -8 0 10 4 8 -9 3
10 -9 7 0 3 -1 -6 1 -2 -3 7 2 3 3 9 -10 4 -10 5 -3 1 -5 2 -1 9 -2 -2 10 3 7 10 1 3 10 10
-9 -8 0 -8 0 4 3 -1 1 5 4 10 3 3 6 -3 -7 1 -5 5 -3 4 0 10 -9 -5 -10 3 2 9 -2 8 9 5
9 -4 8 10 -4 2 -2 2 -1 6 6 4 -3 -8 1 6 -3 -7 -6 1 7 -9 -10 4 4 1 -1 0 7 0 -5 0 -10
-4 5 7 10 -4 0 -2 -4 -7 2 -8 -2 -9 4 -3 -10 -5 9 4 7 3 -9 5 10 1 2 -8 8 1 4 4 3
-4 -7 9 -10 7 4 -4 -5 6 3 -10 -5 7 7 2 -1 9 1 3 -1 -7 5 9 1 5 -6 -1 -8 2 -9 4
8 -1 -7 5 -8 8 -3 -3 -10 -8 0 1 -2 -2 -4 -9 1 -10 9 -10 -2 -7 5 6 7 2 -8 -7 1 2
2 2 5 5 0 -5 0 -7 5 -3 -9 9 10 1 7 10 2 6 10 8 -4 9 -9 -10 7 -5 8 1 -8
3 1 9 3 -1 0 2 -10 -6 -1 -4 -6 9 -3 -5 10 -7 4 10 10 -8 -8 -8 -5 -6 -3 0 -10
-10 -1 -6 3 3 -5 2 -3 9 8 3 2 -2 -6 10 2 -10 -5 2 -4 6 6 10 0 -1 0 10
-1 -2 -5 0 3 5 9 -9 -10 -1 -1 -1 7 7 -4 0 -4 -4 -7 2 3 8 0 -10 3 6
1 2 -1 -7 6 5 3 2 5 8 3 9 3 -3 -5 -1 4 5 -6 7 1 -3 6 -4 9
9 1 -5 6 -2 4 7 -4 -9 -10 -7 -6 10 7 2 7 -5 7 0 -1 10 9 -6 -6
0 7 -4 9 -3 3 5 -5 2 5 8 -6 6 4 -9 6 -9 -1 -9 -8 -6 7 -9
9 -7 -8 -8 10 -4 7 9 -5 0 5 -7 -9 0 -9 -10 -8 5 -4 4 -7 7
0 -5 -7 10 -6 -1 -4 6 2 -7 1 10 2 0 10 10 4 -3 7 -1 -2
9 3 -6 -9 3 -8 1 5 -10 -4 -5 -8 2 -1 -8 -1 2 9 6 -7
-3 2 -7 10 0 8 9 6 -2 -3 8 5 10 8 3 7 5 10 -10
9 10 9 -3 6 -10 10 7 -1 3 -3 3 -7 -5 -7 -6 8 -3
6 2 -9 2 7 -4 7 10 1 -8 -1 8 6 0 -5 -10 7
-1 -1 -9 -5 1 4 -5 0 -8 -9 8 9 -4 9 10 1
-3 -10 10 -7 -9 5 10 -10 -3 -7 -8 0 10 3 7
-5 1 -8 7 -3 5 -2 -4 0 -4 -1 -7 -3 -7
-7 -8 3 -4 -2 -9 2 9 -1 0 -9 3 -10
3 2 -3 -10 3 -8 4 -1 -8 1 8 -4
7 -7 2 5 7 9 -9 10 -7 3 -4
-1 2 -3 3 -1 8 1 7 -1 -9
8 -4 -4 -5 -10 -8 3 6 4
10 -2 5 -5 6 5 -2 3
9 -4 3 -2 8 5 2
-10 9 -7 0 -10 -5
0 7 -5 -3 3
1 9 0 -3
9 -2 -7
3 1
-3